$ 1 0.000005 10.20027730826997 50 5 43 5e-11
150 2048 336 2128 336 0 2 0 5
150 2048 400 2128 400 0 3 0 5
150 2048 464 2128 464 0 3 0 5
150 2048 560 2128 560 0 3 0 5
150 2048 624 2128 624 0 3 0 5
150 2048 704 2128 704 0 4 0 5
150 2048 800 2128 800 0 4 0 5
150 2048 896 2128 896 0 4 0 5
150 2048 992 2128 992 0 4 0 5
150 2048 1088 2128 1088 0 2 0 5
150 2048 1152 2128 1152 0 2 0 5
152 2208 752 2304 752 0 6 0 5
152 2208 400 2304 400 0 3 0 5
152 2208 1120 2304 1120 0 2 0 5
w 2128 400 2208 400 0
w 2128 800 2128 768 0
w 2128 768 2208 768 0
w 2128 704 2128 736 0
w 2128 736 2208 736 0
w 2128 624 2144 624 0
w 2144 624 2144 720 0
w 2144 720 2208 720 0
w 2128 560 2160 560 0
w 2160 560 2160 704 0
w 2160 704 2208 704 0
w 2128 896 2144 896 0
w 2144 896 2144 784 0
w 2144 784 2208 784 0
w 2128 992 2160 992 0
w 2160 992 2160 800 0
w 2160 800 2208 800 0
w 2128 336 2128 384 0
w 2128 384 2208 384 0
w 2128 464 2128 416 0
w 2128 416 2208 416 0
w 2128 1088 2128 1104 0
w 2128 1104 2208 1104 0
w 2128 1152 2128 1136 0
w 2128 1136 2208 1136 0
x 2119 -3 2133 0 4 24 \q
x 1910 -4 1924 -1 4 24 \p
x 1979 118 2008 121 4 24 B0
x 1888 119 1917 122 4 24 B1
x 1703 119 1732 122 4 24 A0
x 1607 119 1636 122 4 24 A1
w 2272 144 2272 64 0
w 2240 160 2240 64 0
w 2208 176 2208 64 0
w 1808 160 1808 64 0
w 1744 160 1808 160 0
w 1776 144 1776 64 0
w 1648 144 1776 144 0
w 2016 144 2016 64 0
w 1648 144 1648 240 0
w 1744 160 1744 240 0
w 2048 160 2048 64 0
w 1968 160 2048 160 0
w 1872 144 2016 144 0
w 1968 160 1968 240 0
w 1872 144 1872 240 0
419 1984 -32 2080 -32 6144 2
419 1744 -32 1840 -32 6144 2
419 2176 -32 2272 -32 6144 3
w 1968 240 1968 320 0
w 1872 240 1872 320 0
w 1744 240 1744 320 0
w 1648 240 1648 320 0
w 1968 240 2000 240 0
w 1872 240 1904 240 0
w 1744 240 1776 240 0
w 1648 240 1680 240 0
I 2000 240 2000 320 0 0.5 5
I 1904 240 1904 320 0 0.5 5
I 1776 240 1776 320 0 0.5 5
I 1680 240 1680 320 0 0.5 5
L 1872 144 1872 112 0 0 false 5 0
L 1968 160 1968 112 0 1 false 5 0
L 1744 160 1744 112 0 1 false 5 0
L 1648 144 1648 112 0 1 false 5 0
w 1648 320 1648 352 0
w 1968 320 1968 384 0
w 1744 320 1744 400 0
w 1648 352 1648 416 0
w 1648 416 1648 480 0
w 1872 320 1872 464 0
w 1968 448 1968 384 0
w 1680 320 1680 544 0
w 1776 320 1776 544 0
w 1904 320 1904 544 0
w 2000 320 2000 672 0
w 1744 480 1744 720 0
w 1648 480 1648 640 0
w 1872 464 1872 544 0
w 1968 448 1968 672 0
w 2048 544 1872 544 0
w 1776 544 1776 560 0
w 1776 560 2048 560 0
w 1680 544 1680 576 0
w 1680 576 2048 576 0
w 1904 544 1904 608 0
w 1904 608 2048 608 0
w 1776 560 1776 624 0
w 1776 624 2048 624 0
w 1680 576 1680 640 0
w 1648 640 2048 640 0
w 1872 544 1872 688 0
w 1680 640 1680 736 0
w 1904 608 1904 688 0
w 1776 624 1776 720 0
w 1648 736 1648 832 0
w 1680 736 1680 832 0
w 1744 720 1744 816 0
w 1776 720 1776 816 0
w 1872 688 1872 784 0
w 1904 688 1904 784 0
w 1968 672 1968 768 0
w 2000 672 2000 768 0
w 2000 768 2000 864 0
w 1968 768 1968 864 0
w 1904 784 1904 880 0
w 1872 784 1872 880 0
w 1776 816 1776 912 0
w 1744 816 1744 912 0
w 1680 832 1680 928 0
w 1648 832 1648 928 0
w 2000 864 2000 960 0
w 1968 864 1968 960 0
w 1904 880 1904 976 0
w 1872 880 1872 976 0
w 1776 912 1776 1008 0
w 1744 912 1744 1008 0
w 1680 928 1680 1024 0
w 1648 928 1648 1024 0
w 2048 672 2000 672 0
w 2048 688 1904 688 0
w 2048 720 1744 720 0
w 1648 736 2048 736 0
w 2048 768 1968 768 0
w 2048 784 1904 784 0
w 2048 816 1744 816 0
w 2048 832 1680 832 0
w 2048 864 1968 864 0
w 2048 880 1872 880 0
w 2048 912 1744 912 0
w 2048 928 1648 928 0
w 2048 960 2000 960 0
w 2048 976 1872 976 0
w 2048 1008 1744 1008 0
w 2048 1024 1680 1024 0
w 1648 1024 1648 1072 0
w 1680 1024 1680 1072 0
w 1744 1008 1744 1072 0
w 1776 1008 1776 1072 0
w 1872 976 1872 1072 0
w 1904 976 1904 1072 0
w 1968 960 1968 1072 0
w 2000 960 2000 1072 0
w 2048 1072 1968 1072 0
w 2048 1104 1776 1104 0
w 1776 1072 1776 1104 0
w 1744 1072 1744 1104 0
w 1680 1072 1680 1104 0
w 1648 1072 1648 1104 0
w 1872 1072 1872 1104 0
w 1904 1072 1904 1104 0
w 1968 1072 1968 1104 0
w 2000 1072 2000 1104 0
w 2000 1104 2000 1136 0
w 1968 1104 1968 1184 0
w 1904 1104 1904 1184 0
w 1872 1104 1872 1184 0
w 1776 1104 1776 1184 0
w 1744 1104 1744 1168 0
w 1680 1104 1680 1184 0
w 1648 1104 1648 1184 0
w 2048 1136 2000 1136 0
w 2048 1168 1744 1168 0
w 2000 1136 2000 1184 0
w 2304 400 2304 176 0
w 2304 176 2208 176 0
w 2240 160 2320 160 0
w 2272 144 2336 144 0
w 2320 160 2320 752 0
w 2336 144 2336 1120 0
w 2304 1120 2336 1120 0
w 2304 752 2320 752 0
w 1648 640 1648 736 0
w 2048 320 1872 320 0
w 2048 352 1648 352 0
w 2048 384 1968 384 0
w 2048 400 1744 400 0
w 2048 416 1648 416 0
w 2048 448 1968 448 0
w 2048 464 1872 464 0
w 2048 480 1744 480 0
w 1744 400 1744 480 0
w 1744 1168 1744 1184 0
x 2358 408 2375 411 4 24 C
x 2359 759 2388 762 4 24 S1
x 2360 1131 2389 1134 4 24 S0
