$ 1 0.000005 10.20027730826997 50 5 43 5e-11
w 448 -96 448 -112 0
w 480 -64 480 -112 0
w 512 -32 512 -112 0
w 544 0 544 -112 0
w 576 32 576 -112 0
w 608 64 608 -112 0
w 640 96 640 -112 0
w 672 128 672 -112 0
w 448 -96 448 144 0
w 416 -96 448 -96 0
w 480 -64 416 -64 0
w 480 144 480 -64 0
w 512 -32 512 144 0
w 416 -32 512 -32 0
w 544 0 416 0 0
w 544 144 544 0 0
w 576 32 416 32 0
w 576 144 576 32 0
w 608 64 416 64 0
w 608 144 608 64 0
w 640 96 416 96 0
w 640 144 640 96 0
w 672 128 672 144 0
w 416 128 672 128 0
w 1200 96 1200 -112 0
w 1168 64 1168 -112 0
w 1168 64 1168 128 0
w 1136 32 1136 -112 0
w 1136 32 1136 128 0
w 1104 0 1104 -112 0
w 1104 128 1104 0 0
w 1072 -32 1072 128 0
w 1072 -112 1072 -32 0
w 1040 -64 1040 -112 0
w 1040 128 1040 -64 0
w 1008 -96 1008 128 0
w 1008 -112 1008 -96 0
w 1264 -96 1008 -96 0
w 1264 -64 1040 -64 0
w 1264 -32 1072 -32 0
w 1264 0 1104 0 0
w 1264 32 1136 32 0
w 1264 64 1168 64 0
w 1264 96 1200 96 0
w 1200 128 1200 96 0
w 1232 -112 1232 128 0
w 1232 128 1264 128 0
w 736 672 736 704 0
w 1216 672 736 672 0
w 1216 544 1216 672 0
w 1184 656 1184 544 0
w 704 656 1184 656 0
w 704 704 704 656 0
w 672 624 672 704 0
w 992 624 672 624 0
w 992 544 992 624 0
w 960 608 960 544 0
w 640 608 960 608 0
w 640 704 640 608 0
w 768 544 768 576 0
w 608 576 768 576 0
w 608 704 608 576 0
w 576 560 576 704 0
w 736 560 576 560 0
w 736 544 736 560 0
w 544 544 544 704 0
w 512 544 512 704 0
w 480 544 480 704 0
419 1264 -96 1280 -96 0 8
419 288 -96 784 -96 1024 8
w 1152 144 1152 416 0
w 1120 160 1120 416 0
w 640 160 1120 160 0
w 1216 416 1232 416 0
w 1184 416 1200 416 0
w 672 144 1152 144 0
w 640 144 640 160 0
w 608 192 608 144 0
w 928 192 608 192 0
w 928 416 928 192 0
w 896 208 896 416 0
w 576 208 896 208 0
w 576 144 576 208 0
w 544 240 544 144 0
w 704 240 544 240 0
w 704 416 704 240 0
w 672 256 672 416 0
w 512 256 672 256 0
w 512 144 512 256 0
w 480 416 480 144 0
w 448 144 448 416 0
w 1008 272 1008 128 0
w 512 272 1008 272 0
w 512 416 512 272 0
w 544 288 544 416 0
w 1040 288 544 288 0
w 1040 128 1040 288 0
w 1072 320 1072 128 0
w 736 320 1072 320 0
w 736 416 736 320 0
w 768 336 768 416 0
w 1104 336 768 336 0
w 1104 128 1104 336 0
w 1136 368 1136 128 0
w 960 368 1136 368 0
w 960 416 960 368 0
w 992 384 992 416 0
w 1168 384 992 384 0
w 1168 128 1168 384 0
w 1200 128 1200 416 0
w 1232 128 1232 416 0
w 624 416 576 416 0
w 624 544 624 416 0
w 704 544 624 544 0
w 848 416 800 416 0
w 848 544 848 416 0
w 928 544 848 544 0
w 1072 416 1024 416 0
w 1072 544 1072 416 0
w 1152 544 1072 544 0
. 2Bit-Halbaddierer 1 5 3 7 A0 1 1 0 A1 4 0 0 B0 3 4 0 B1 2 3 0 Cy 22 1 1 S0 6 3 1 S1 5 2 1 InverterElm\s4\s8\rInverterElm\s1\s9\rInverterElm\s2\s10\rInverterElm\s3\s7\rOrGateElm\s11\s12\s6\rOrGateElm\s13\s21\s14\s22\rOrGateElm\s15\s16\s20\s19\s18\s17\s5\rAndGateElm\s1\s7\s11\rAndGateElm\s9\s3\s12\rAndGateElm\s8\s1\s2\s7\s15\rAndGateElm\s4\s1\s2\s3\s16\rAndGateElm\s8\s1\s10\s3\s20\rAndGateElm\s4\s1\s10\s7\s19\rAndGateElm\s4\s9\s10\s18\rAndGateElm\s8\s9\s2\s17\rAndGateElm\s1\s2\s3\s13\rAndGateElm\s4\s1\s3\s21\rAndGateElm\s4\s2\s14 0\\s0.5\\s5\s0\\s0.5\\s5\s0\\s0.5\\s5\s0\\s0.5\\s5\s0\\s2\\s0\\s5\s0\\s3\\s0\\s5\s0\\s6\\s0\\s5\s0\\s2\\s0\\s5\s0\\s2\\s0\\s5\s0\\s4\\s0\\s5\s0\\s4\\s0\\s5\s0\\s4\\s0\\s5\s0\\s4\\s0\\s5\s0\\s3\\s0\\s5\s0\\s3\\s0\\s5\s0\\s3\\s0\\s5\s0\\s3\\s0\\s5\s0\\s2\\s0\\s5
. 2Bit-Volladdierer 1 5 3 8 A0 1 1 0 A1 2 0 0 B0 3 3 0 B1 4 2 0 CyIn 23 4 0 CyOut 43 1 1 S0 26 3 1 S1 27 2 1 CustomCompositeElm\s1\s2\s3\s4\s5\s6\s7\rCustomCompositeElm\s23\s24\s6\s7\s25\s26\s27\rOrGateElm\s5\s25\s43\rLogicInputElm\s24 1\\s2Bit-Halbaddierer\\s0\\\\s0.5\\\\s5\\s0\\\\s0.5\\\\s5\\s0\\\\s0.5\\\\s5\\s0\\\\s0.5\\\\s5\\s0\\\\s2\\\\s0\\\\s5\\s0\\\\s3\\\\s0\\\\s5\\s0\\\\s6\\\\s0\\\\s5\\s0\\\\s2\\\\s0\\\\s5\\s0\\\\s2\\\\s0\\\\s5\\s0\\\\s4\\\\s0\\\\s5\\s0\\\\s4\\\\s0\\\\s5\\s0\\\\s4\\\\s0\\\\s5\\s0\\\\s4\\\\s0\\\\s5\\s0\\\\s3\\\\s0\\\\s5\\s0\\\\s3\\\\s0\\\\s5\\s0\\\\s3\\\\s0\\\\s5\\s0\\\\s3\\\\s0\\\\s5\\s0\\\\s2\\\\s0\\\\s5\s1\\s2Bit-Halbaddierer\\s0\\\\s0.5\\\\s5\\s0\\\\s0.5\\\\s5\\s0\\\\s0.5\\\\s5\\s0\\\\s0.5\\\\s5\\s0\\\\s2\\\\s0\\\\s5\\s0\\\\s3\\\\s0\\\\s5\\s0\\\\s6\\\\s0\\\\s5\\s0\\\\s2\\\\s0\\\\s5\\s0\\\\s2\\\\s0\\\\s5\\s0\\\\s4\\\\s0\\\\s5\\s0\\\\s4\\\\s0\\\\s5\\s0\\\\s4\\\\s0\\\\s5\\s0\\\\s4\\\\s0\\\\s5\\s0\\\\s3\\\\s0\\\\s5\\s0\\\\s3\\\\s0\\\\s5\\s0\\\\s3\\\\s0\\\\s5\\s0\\\\s3\\\\s0\\\\s5\\s0\\\\s2\\\\s0\\\\s5\s0\\s2\\s0\\s5\s0\\s0\\sfalse\\s5\\s0
410 1088 448 1104 448 1 2Bit-Volladdierer 1\s2Bit-Halbaddierer\s0\\s0.5\\s5\s0\\s0.5\\s5\s0\\s0.5\\s5\s0\\s0.5\\s5\s0\\s2\\s0\\s5\s0\\s3\\s0\\s5\s0\\s6\\s0\\s5\s0\\s2\\s0\\s5\s0\\s2\\s0\\s5\s0\\s4\\s0\\s5\s0\\s4\\s0\\s5\s0\\s4\\s0\\s5\s0\\s4\\s0\\s5\s0\\s3\\s0\\s5\s0\\s3\\s0\\s5\s0\\s3\\s0\\s5\s0\\s3\\s0\\s5\s0\\s2\\s0\\s5 1\s2Bit-Halbaddierer\s0\\s0.5\\s5\s0\\s0.5\\s5\s0\\s0.5\\s5\s0\\s0.5\\s5\s0\\s2\\s0\\s5\s0\\s3\\s0\\s5\s0\\s6\\s0\\s5\s0\\s2\\s0\\s5\s0\\s2\\s0\\s5\s0\\s4\\s0\\s5\s0\\s4\\s0\\s5\s0\\s4\\s0\\s5\s0\\s4\\s0\\s5\s0\\s3\\s0\\s5\s0\\s3\\s0\\s5\s0\\s3\\s0\\s5\s0\\s3\\s0\\s5\s0\\s2\\s0\\s5 0\s2\s0\s5 0\s0\sfalse\s5\s0
410 864 448 880 448 1 2Bit-Volladdierer 1\s2Bit-Halbaddierer\s0\\s0.5\\s5\s0\\s0.5\\s5\s0\\s0.5\\s5\s0\\s0.5\\s5\s0\\s2\\s0\\s5\s0\\s3\\s0\\s5\s0\\s6\\s0\\s5\s0\\s2\\s0\\s5\s0\\s2\\s0\\s5\s0\\s4\\s0\\s5\s0\\s4\\s0\\s5\s0\\s4\\s0\\s5\s0\\s4\\s0\\s5\s0\\s3\\s0\\s5\s0\\s3\\s0\\s5\s0\\s3\\s0\\s5\s0\\s3\\s0\\s5\s0\\s2\\s0\\s5 1\s2Bit-Halbaddierer\s0\\s0.5\\s5\s0\\s0.5\\s5\s0\\s0.5\\s5\s0\\s0.5\\s5\s0\\s2\\s0\\s5\s0\\s3\\s0\\s5\s0\\s6\\s0\\s5\s0\\s2\\s0\\s5\s0\\s2\\s0\\s5\s0\\s4\\s0\\s5\s0\\s4\\s0\\s5\s0\\s4\\s0\\s5\s0\\s4\\s0\\s5\s0\\s3\\s0\\s5\s0\\s3\\s0\\s5\s0\\s3\\s0\\s5\s0\\s3\\s0\\s5\s0\\s2\\s0\\s5 0\s2\s0\s5 0\s0\sfalse\s5\s0
410 640 448 656 448 1 2Bit-Volladdierer 1\s2Bit-Halbaddierer\s0\\s0.5\\s5\s0\\s0.5\\s5\s0\\s0.5\\s5\s0\\s0.5\\s5\s0\\s2\\s0\\s5\s0\\s3\\s0\\s5\s0\\s6\\s0\\s5\s0\\s2\\s0\\s5\s0\\s2\\s0\\s5\s0\\s4\\s0\\s5\s0\\s4\\s0\\s5\s0\\s4\\s0\\s5\s0\\s4\\s0\\s5\s0\\s3\\s0\\s5\s0\\s3\\s0\\s5\s0\\s3\\s0\\s5\s0\\s3\\s0\\s5\s0\\s2\\s0\\s5 1\s2Bit-Halbaddierer\s0\\s0.5\\s5\s0\\s0.5\\s5\s0\\s0.5\\s5\s0\\s0.5\\s5\s0\\s2\\s0\\s5\s0\\s3\\s0\\s5\s0\\s6\\s0\\s5\s0\\s2\\s0\\s5\s0\\s2\\s0\\s5\s0\\s4\\s0\\s5\s0\\s4\\s0\\s5\s0\\s4\\s0\\s5\s0\\s4\\s0\\s5\s0\\s3\\s0\\s5\s0\\s3\\s0\\s5\s0\\s3\\s0\\s5\s0\\s3\\s0\\s5\s0\\s2\\s0\\s5 0\s2\s0\s5 0\s0\sfalse\s5\s0
410 416 448 464 448 1 2Bit-Volladdierer 1\s2Bit-Halbaddierer\s0\\s0.5\\s5\s0\\s0.5\\s5\s0\\s0.5\\s5\s0\\s0.5\\s5\s0\\s2\\s0\\s5\s0\\s3\\s0\\s5\s0\\s6\\s0\\s5\s0\\s2\\s0\\s5\s0\\s2\\s0\\s5\s0\\s4\\s0\\s5\s0\\s4\\s0\\s5\s0\\s4\\s0\\s5\s0\\s4\\s0\\s5\s0\\s3\\s0\\s5\s0\\s3\\s0\\s5\s0\\s3\\s0\\s5\s0\\s3\\s0\\s5\s0\\s2\\s0\\s5 1\s2Bit-Halbaddierer\s0\\s0.5\\s5\s0\\s0.5\\s5\s0\\s0.5\\s5\s0\\s0.5\\s5\s0\\s2\\s0\\s5\s0\\s3\\s0\\s5\s0\\s6\\s0\\s5\s0\\s2\\s0\\s5\s0\\s2\\s0\\s5\s0\\s4\\s0\\s5\s0\\s4\\s0\\s5\s0\\s4\\s0\\s5\s0\\s4\\s0\\s5\s0\\s3\\s0\\s5\s0\\s3\\s0\\s5\s0\\s3\\s0\\s5\s0\\s3\\s0\\s5\s0\\s2\\s0\\s5 0\s2\s0\s5 0\s0\sfalse\s5\s0
207 1232 -112 1232 -160 4 B0
207 1200 -112 1200 -160 4 B1
207 1168 -112 1168 -160 4 B2
207 1136 -112 1136 -160 4 B3
207 1104 -112 1104 -160 4 B4
207 1072 -112 1072 -160 4 B5
207 1040 -112 1040 -160 4 B6
207 1008 -112 1008 -160 4 B7
207 672 -112 672 -160 4 A0
207 640 -112 640 -160 4 A1
207 608 -112 608 -160 4 A2
207 576 -112 576 -160 4 A3
207 544 -112 544 -160 4 A4
207 512 -112 512 -160 4 A5
207 480 -112 480 -160 4 A6
207 448 -112 448 -160 4 A7
207 736 704 736 752 4 S0
207 704 704 704 752 4 S1
207 672 704 672 752 4 S2
207 640 704 640 752 4 S3
207 608 704 608 752 4 S4
207 576 704 576 752 4 S5
207 544 704 544 752 4 S6
207 512 704 512 752 4 S7
207 480 704 480 752 4 Cy
207 1248 416 1248 368 4 CyIn
