$ 1 0.000005 10.20027730826997 50 5 43 5e-11
L 992 624 992 608 0 0 false 5 0
w 960 624 992 624 0
w 928 624 960 624 0
w 896 624 928 624 0
w 864 624 896 624 0
w 832 624 864 624 0
w 800 624 832 624 0
w 768 624 800 624 0
L 560 -112 560 -128 0 0 false 5 0
w 528 -112 560 -112 0
w 496 -112 528 -112 0
w 464 -112 496 -112 0
w 432 -112 464 -112 0
w 400 -112 432 -112 0
w 368 -112 400 -112 0
w 336 -112 368 -112 0
M 16 -16 -16 -16 0 2.5
w -176 1280 544 1280 0
w -176 1168 -176 1280 0
w 288 1184 560 1184 0
w 288 1168 288 1184 0
150 560 1280 560 1376 0 2 0 5
152 576 1184 576 1280 0 2 0 5
w -160 352 -160 1072 0
152 -176 1072 -176 1168 0 2 0 5
w -192 384 -192 1072 0
w 512 1008 512 1040 0
w 480 1040 480 976 0
w 448 944 448 1040 0
w 416 912 416 1040 0
w 384 880 384 1040 0
w 352 1040 352 848 0
w 320 816 320 1040 0
w 592 784 592 1184 0
w 432 784 592 784 0
w 432 416 432 784 0
w 832 784 832 848 0
w 832 848 960 848 0
w 800 784 800 880 0
w 800 880 960 880 0
w 768 784 768 912 0
w 768 912 960 912 0
w 736 784 736 944 0
w 736 944 960 944 0
w 704 784 704 976 0
w 704 976 960 976 0
w 672 784 672 1008 0
w 672 1008 960 1008 0
w 640 784 640 1040 0
w 640 1040 960 1040 0
w 864 816 960 816 0
w 864 784 864 816 0
w 640 1040 544 1040 0
w 672 1008 512 1008 0
w 480 976 704 976 0
w 736 944 448 944 0
w 768 912 416 912 0
w 800 880 384 880 0
w 352 848 832 848 0
w 864 816 320 816 0
. 2-Bit-Vergleicher 1 5 4 7 A0 3 0 2 A1 1 1 2 A<B 13 2 3 A\qB 14 0 3 A>B 15 3 3 B0 7 2 2 B1 5 3 2 InverterElm\s1\s2\rInverterElm\s3\s4\rXorGateElm\s5\s1\s6\rXorGateElm\s7\s3\s8\rNandGateElm\s5\s2\s9\rNandGateElm\s10\s4\s2\s11\rNandGateElm\s10\s7\s5\s12\rNandGateElm\s12\s11\s9\s13\rOrGateElm\s8\s6\s10\rInverterElm\s10\s14\rNorGateElm\s13\s14\s15 0\\s0.5\\s5\s0\\s0.5\\s5\s1\\s2\\s0\\s5\s1\\s2\\s0\\s5\s1\\s2\\s0\\s5\s1\\s3\\s0\\s5\s1\\s3\\s0\\s5\s1\\s3\\s0\\s5\s1\\s2\\s0\\s5\s0\\s0.5\\s5\s1\\s2\\s0\\s5
. 8-Bit-Vergleicher 1 17 3 19 A0 49 7 0 A1 50 6 0 A2 34 5 0 A3 35 4 0 A4 4 3 0 A5 5 2 0 A6 19 1 0 A7 20 0 0 A<B 2 10 1 A\qB 3 6 1 A>B 1 8 1 B0 54 16 0 B1 55 15 0 B2 39 14 0 B3 40 13 0 B4 9 12 0 B5 10 11 0 B6 24 10 0 B7 25 9 0 CustomCompositeElm\s4\s5\s6\s7\s8\s9\s10\rCustomCompositeElm\s19\s20\s21\s22\s23\s24\s25\rCustomCompositeElm\s34\s35\s36\s37\s38\s39\s40\rCustomCompositeElm\s49\s50\s51\s52\s53\s54\s55\rAndGateElm\s37\s53\s64\rOrGateElm\s38\s64\s65\rOrGateElm\s8\s66\s67\rAndGateElm\s7\s65\s66\rAndGateElm\s22\s67\s68\rOrGateElm\s23\s68\s1\rOrGateElm\s21\s69\s2\rAndGateElm\s22\s70\s69\rAndGateElm\s7\s71\s72\rOrGateElm\s6\s72\s70\rOrGateElm\s36\s73\s71\rAndGateElm\s37\s51\s73\rAndGateElm\s22\s7\s37\s52\s3 1\\s2-Bit-Vergleicher\\s0\\\\s0.5\\\\s5\\s0\\\\s0.5\\\\s5\\s1\\\\s2\\\\s0\\\\s5\\s1\\\\s2\\\\s0\\\\s5\\s1\\\\s2\\\\s0\\\\s5\\s1\\\\s3\\\\s0\\\\s5\\s1\\\\s3\\\\s0\\\\s5\\s1\\\\s3\\\\s0\\\\s5\\s1\\\\s2\\\\s0\\\\s5\\s0\\\\s0.5\\\\s5\\s1\\\\s2\\\\s0\\\\s5\s1\\s2-Bit-Vergleicher\\s0\\\\s0.5\\\\s5\\s0\\\\s0.5\\\\s5\\s1\\\\s2\\\\s0\\\\s5\\s1\\\\s2\\\\s0\\\\s5\\s1\\\\s2\\\\s0\\\\s5\\s1\\\\s3\\\\s0\\\\s5\\s1\\\\s3\\\\s0\\\\s5\\s1\\\\s3\\\\s0\\\\s5\\s1\\\\s2\\\\s0\\\\s5\\s0\\\\s0.5\\\\s5\\s1\\\\s2\\\\s0\\\\s5\s1\\s2-Bit-Vergleicher\\s0\\\\s0.5\\\\s5\\s0\\\\s0.5\\\\s5\\s1\\\\s2\\\\s0\\\\s5\\s1\\\\s2\\\\s0\\\\s5\\s1\\\\s2\\\\s0\\\\s5\\s1\\\\s3\\\\s0\\\\s5\\s1\\\\s3\\\\s0\\\\s5\\s1\\\\s3\\\\s0\\\\s5\\s1\\\\s2\\\\s0\\\\s5\\s0\\\\s0.5\\\\s5\\s1\\\\s2\\\\s0\\\\s5\s1\\s2-Bit-Vergleicher\\s0\\\\s0.5\\\\s5\\s0\\\\s0.5\\\\s5\\s1\\\\s2\\\\s0\\\\s5\\s1\\\\s2\\\\s0\\\\s5\\s1\\\\s2\\\\s0\\\\s5\\s1\\\\s3\\\\s0\\\\s5\\s1\\\\s3\\\\s0\\\\s5\\s1\\\\s3\\\\s0\\\\s5\\s1\\\\s2\\\\s0\\\\s5\\s0\\\\s0.5\\\\s5\\s1\\\\s2\\\\s0\\\\s5\s0\\s2\\s0\\s5\s0\\s2\\s0\\s5\s0\\s2\\s0\\s5\s0\\s2\\s0\\s5\s0\\s2\\s0\\s5\s0\\s2\\s0\\s5\s0\\s2\\s0\\s5\s0\\s2\\s0\\s5\s0\\s2\\s0\\s5\s0\\s2\\s0\\s5\s0\\s2\\s0\\s5\s0\\s2\\s0\\s5\s0\\s4\\s0\\s5
410 0 1072 32 1072 1025 8-Bit-Vergleicher 1\s2-Bit-Vergleicher\s0\\s0.5\\s5\s0\\s0.5\\s5\s1\\s2\\s0\\s5\s1\\s2\\s0\\s5\s1\\s2\\s0\\s5\s1\\s3\\s0\\s5\s1\\s3\\s0\\s5\s1\\s3\\s0\\s5\s1\\s2\\s0\\s5\s0\\s0.5\\s5\s1\\s2\\s0\\s5 1\s2-Bit-Vergleicher\s0\\s0.5\\s5\s0\\s0.5\\s5\s1\\s2\\s0\\s5\s1\\s2\\s0\\s5\s1\\s2\\s0\\s5\s1\\s3\\s0\\s5\s1\\s3\\s0\\s5\s1\\s3\\s0\\s5\s1\\s2\\s0\\s5\s0\\s0.5\\s5\s1\\s2\\s0\\s5 1\s2-Bit-Vergleicher\s0\\s0.5\\s5\s0\\s0.5\\s5\s1\\s2\\s0\\s5\s1\\s2\\s0\\s5\s1\\s2\\s0\\s5\s1\\s3\\s0\\s5\s1\\s3\\s0\\s5\s1\\s3\\s0\\s5\s1\\s2\\s0\\s5\s0\\s0.5\\s5\s1\\s2\\s0\\s5 1\s2-Bit-Vergleicher\s0\\s0.5\\s5\s0\\s0.5\\s5\s1\\s2\\s0\\s5\s1\\s2\\s0\\s5\s1\\s2\\s0\\s5\s1\\s3\\s0\\s5\s1\\s3\\s0\\s5\s1\\s3\\s0\\s5\s1\\s2\\s0\\s5\s0\\s0.5\\s5\s1\\s2\\s0\\s5 0\s2\s0\s5 0\s2\s0\s5 0\s2\s0\s5 0\s2\s0\s5 0\s2\s0\s5 0\s2\s0\s5 0\s2\s0\s5 0\s2\s0\s5 0\s2\s0\s5 0\s2\s0\s5 0\s2\s0\s5 0\s2\s0\s5 0\s4\s0\s5
L 32 1040 32 992 2 0 false 5 0
L 256 1040 256 992 2 1 false 5 0
L 160 1040 160 992 2 0 false 5 0
L 224 1040 224 992 2 0 false 5 0
L 192 1040 192 992 2 0 false 5 0
L 128 1040 128 992 2 0 false 5 0
L 96 1040 96 992 2 0 false 5 0
L 64 1040 64 992 2 0 false 5 0
w 224 448 208 448 0
w 256 448 272 448 0
w 240 448 240 384 0
I 208 384 208 448 0 0.5 5
I 272 384 272 448 0 0.5 5
150 240 448 240 544 0 3 0 5
w 240 256 240 384 0
w 208 384 32 384 0
w 240 544 240 688 0
w 240 256 400 256 0
w 48 352 272 352 0
w 272 352 272 384 0
150 48 592 48 688 0 3 0 5
152 96 496 96 592 0 2 0 5
w 96 592 64 592 0
w -192 384 32 384 0
w -160 352 48 352 0
w 48 352 48 592 0
w 32 384 32 592 0
w -256 400 112 400 0
w 112 400 112 496 0
w -288 448 80 448 0
w 80 448 80 496 0
152 224 688 224 784 0 2 0 5
w 48 688 208 688 0
w -288 -768 -288 448 0
w -256 -736 -256 400 0
w 832 -736 -256 -736 0
w 832 -304 832 -736 0
w 864 -304 832 -304 0
w 0 -768 -288 -768 0
w 0 -576 0 -768 0
w 32 -576 0 -576 0
w 1504 -592 1504 96 0
152 1584 256 1584 352 0 3 0 5
150 1584 160 1584 256 0 2 0 5
150 1664 160 1664 256 0 2 0 5
w 1664 256 1600 256 0
w 1920 80 1920 160 0
w 1920 160 1680 160 0
w 1856 80 1856 128 0
w 1856 128 1600 128 0
w 1600 128 1600 160 0
w 1648 160 1648 144 0
w 1648 144 1488 144 0
w 1584 352 1584 384 0
w 1584 384 1408 384 0
150 1504 160 1504 256 0 3 0 5
w 1568 256 1504 256 0
w 1408 144 1488 144 0
w 1488 144 1488 160 0
w 1520 160 1520 80 0
w 1520 80 1792 80 0
w 1504 96 1568 96 0
w 1568 96 1568 160 0
w 1504 96 1504 160 0
419 -128 -560 368 -560 1024 8
w 480 -336 480 -320 0
w 416 -320 416 -368 0
w 352 -320 352 -400 0
w 288 -320 288 -432 0
w 224 -320 224 -464 0
w 160 -496 160 -320 0
w 96 -320 96 -528 0
w 0 -560 32 -560 0
w 32 -560 32 -320 0
w 480 -336 480 -576 0
w 416 -368 416 -576 0
w 352 -400 352 -576 0
w 288 -432 288 -576 0
w 224 -464 224 -576 0
w 160 -496 160 -576 0
w 96 -528 96 -576 0
w 32 -560 32 -576 0
x 468 -653 486 -650 4 15 A0
x 404 -655 422 -652 4 15 A1
x 339 -656 357 -653 4 15 A2
x 275 -656 293 -653 4 15 A3
x 209 -653 227 -650 4 15 A4
x 146 -655 164 -652 4 15 A5
x 85 -653 103 -650 4 15 A6
x 23 -652 41 -649 4 15 A7
154 48 -320 48 -224 0 2 0 5
154 112 -320 112 -224 0 2 0 5
154 176 -320 176 -224 0 2 0 5
154 240 -320 240 -224 0 2 0 5
154 304 -320 304 -224 0 2 0 5
154 368 -320 368 -224 0 2 0 5
154 432 -320 432 -224 0 2 0 5
154 496 -320 496 -224 0 2 0 5
154 1328 -48 1328 48 0 2 0 5
154 1264 -48 1264 48 0 2 0 5
154 1200 -48 1200 48 0 2 0 5
154 1136 -48 1136 48 0 2 0 5
154 1072 -48 1072 48 0 2 0 5
154 1008 -48 1008 48 0 2 0 5
154 944 -48 944 48 0 2 0 5
154 880 -48 880 48 0 2 0 5
x 855 -380 873 -377 4 15 B7
x 917 -381 935 -378 4 15 B6
x 978 -383 996 -380 4 15 B5
x 1041 -381 1059 -378 4 15 B4
x 1107 -384 1125 -381 4 15 B3
x 1172 -381 1190 -378 4 15 B2
x 1236 -383 1254 -380 4 15 B1
x 1300 -381 1318 -378 4 15 B0
w 864 -288 864 -304 0
w 928 -256 928 -304 0
w 992 -224 992 -304 0
w 1056 -192 1056 -304 0
w 1120 -160 1120 -304 0
w 1184 -128 1184 -304 0
w 1248 -96 1248 -304 0
w 1312 -64 1312 -304 0
w 864 -288 864 -48 0
w 832 -288 864 -288 0
w 928 -256 832 -256 0
w 928 -48 928 -256 0
w 992 -224 992 -48 0
w 832 -224 992 -224 0
w 1056 -192 832 -192 0
w 1056 -48 1056 -192 0
w 1120 -160 832 -160 0
w 1120 -48 1120 -160 0
w 1184 -128 832 -128 0
w 1184 -48 1184 -128 0
w 1248 -96 832 -96 0
w 1248 -48 1248 -96 0
w 1312 -64 1312 -48 0
w 832 -64 1312 -64 0
419 704 -288 1200 -288 1024 8
w 960 -432 896 -432 0
w 1024 -432 960 -432 0
w 1088 -432 1024 -432 0
w 1152 -432 1088 -432 0
w 1216 -432 1152 -432 0
w 1280 -432 1216 -432 0
w 1344 -432 1280 -432 0
w 1344 -48 1344 -432 0
w 1280 -48 1280 -432 0
w 1216 -48 1216 -432 0
w 1152 -48 1152 -432 0
w 1088 -48 1088 -432 0
w 1024 -48 1024 -432 0
w 960 -48 960 -432 0
w 896 -48 896 -432 0
w 1344 -432 1408 -432 0
w 64 -320 64 -592 0
w 128 -320 128 -592 0
w 192 -320 192 -592 0
w 256 -320 256 -592 0
w 320 -320 320 -592 0
w 384 -320 384 -592 0
w 448 -320 448 -592 0
w 512 -320 512 -592 0
w 512 -592 448 -592 0
w 448 -592 320 -592 0
w 384 -592 320 -592 0
w 320 -592 192 -592 0
w 256 -592 192 -592 0
w 192 -592 64 -592 0
w 128 -592 64 -592 0
w 592 -592 512 -592 0
w 592 -16 592 -592 0
w -192 -592 -192 384 0
. 2Bit-Halbaddierer 1 5 3 7 A0 1 1 0 A1 4 0 0 B0 3 4 0 B1 2 3 0 Cy 22 1 1 S0 6 3 1 S1 5 2 1 InverterElm\s4\s8\rInverterElm\s1\s9\rInverterElm\s2\s10\rInverterElm\s3\s7\rOrGateElm\s11\s12\s6\rOrGateElm\s13\s21\s14\s22\rOrGateElm\s15\s16\s20\s19\s18\s17\s5\rAndGateElm\s1\s7\s11\rAndGateElm\s9\s3\s12\rAndGateElm\s8\s1\s2\s7\s15\rAndGateElm\s4\s1\s2\s3\s16\rAndGateElm\s8\s1\s10\s3\s20\rAndGateElm\s4\s1\s10\s7\s19\rAndGateElm\s4\s9\s10\s18\rAndGateElm\s8\s9\s2\s17\rAndGateElm\s1\s2\s3\s13\rAndGateElm\s4\s1\s3\s21\rAndGateElm\s4\s2\s14 0\\s0.5\\s5\s0\\s0.5\\s5\s0\\s0.5\\s5\s0\\s0.5\\s5\s0\\s2\\s0\\s5\s0\\s3\\s0\\s5\s0\\s6\\s0\\s5\s0\\s2\\s0\\s5\s0\\s2\\s0\\s5\s0\\s4\\s0\\s5\s0\\s4\\s0\\s5\s0\\s4\\s0\\s5\s0\\s4\\s0\\s5\s0\\s3\\s0\\s5\s0\\s3\\s0\\s5\s0\\s3\\s0\\s5\s0\\s3\\s0\\s5\s0\\s2\\s0\\s5
. 2Bit-Volladdierer 1 5 3 8 A0 1 1 0 A1 2 0 0 B0 3 3 0 B1 4 2 0 CyIn 23 4 0 CyOut 43 1 1 S0 26 3 1 S1 27 2 1 CustomCompositeElm\s1\s2\s3\s4\s5\s6\s7\rCustomCompositeElm\s23\s24\s6\s7\s25\s26\s27\rOrGateElm\s5\s25\s43\rLogicInputElm\s24 1\\s2Bit-Halbaddierer\\s0\\\\s0.5\\\\s5\\s0\\\\s0.5\\\\s5\\s0\\\\s0.5\\\\s5\\s0\\\\s0.5\\\\s5\\s0\\\\s2\\\\s0\\\\s5\\s0\\\\s3\\\\s0\\\\s5\\s0\\\\s6\\\\s0\\\\s5\\s0\\\\s2\\\\s0\\\\s5\\s0\\\\s2\\\\s0\\\\s5\\s0\\\\s4\\\\s0\\\\s5\\s0\\\\s4\\\\s0\\\\s5\\s0\\\\s4\\\\s0\\\\s5\\s0\\\\s4\\\\s0\\\\s5\\s0\\\\s3\\\\s0\\\\s5\\s0\\\\s3\\\\s0\\\\s5\\s0\\\\s3\\\\s0\\\\s5\\s0\\\\s3\\\\s0\\\\s5\\s0\\\\s2\\\\s0\\\\s5\s1\\s2Bit-Halbaddierer\\s0\\\\s0.5\\\\s5\\s0\\\\s0.5\\\\s5\\s0\\\\s0.5\\\\s5\\s0\\\\s0.5\\\\s5\\s0\\\\s2\\\\s0\\\\s5\\s0\\\\s3\\\\s0\\\\s5\\s0\\\\s6\\\\s0\\\\s5\\s0\\\\s2\\\\s0\\\\s5\\s0\\\\s2\\\\s0\\\\s5\\s0\\\\s4\\\\s0\\\\s5\\s0\\\\s4\\\\s0\\\\s5\\s0\\\\s4\\\\s0\\\\s5\\s0\\\\s4\\\\s0\\\\s5\\s0\\\\s3\\\\s0\\\\s5\\s0\\\\s3\\\\s0\\\\s5\\s0\\\\s3\\\\s0\\\\s5\\s0\\\\s3\\\\s0\\\\s5\\s0\\\\s2\\\\s0\\\\s5\s0\\s2\\s0\\s5\s0\\s0\\sfalse\\s5\\s0
. 8Bit-Volladdierer 1 17 4 26 A0 8 7 0 A1 7 6 0 A2 6 5 0 A3 5 4 0 A4 4 3 0 A5 3 2 0 A6 2 1 0 A7 1 0 0 B0 16 16 0 B1 9 15 0 B2 10 14 0 B3 11 13 0 B4 12 12 0 B5 13 11 0 B6 14 10 0 B7 15 9 0 CyIn 29 2 3 CyOut 25 2 2 S0 17 12 1 S1 18 11 1 S2 19 10 1 S3 20 9 1 S4 21 8 1 S5 22 7 1 S6 23 6 1 S7 24 5 1 DecimalDisplayElm\s16\s9\s10\s11\s12\s13\s14\s15\rDecimalDisplayElm\s8\s7\s6\s5\s4\s3\s2\s1\rCustomCompositeElm\s8\s7\s16\s9\s29\s28\s17\s18\rCustomCompositeElm\s6\s5\s10\s11\s28\s27\s19\s20\rCustomCompositeElm\s4\s3\s12\s13\s27\s26\s21\s22\rCustomCompositeElm\s2\s1\s14\s15\s26\s25\s23\s24 0\\s8\s1024\\s8\s1\\s2Bit-Volladdierer\\s1\\\\s2Bit-Halbaddierer\\\\s0\\\\\\\\s0.5\\\\\\\\s5\\\\s0\\\\\\\\s0.5\\\\\\\\s5\\\\s0\\\\\\\\s0.5\\\\\\\\s5\\\\s0\\\\\\\\s0.5\\\\\\\\s5\\\\s0\\\\\\\\s2\\\\\\\\s0\\\\\\\\s5\\\\s0\\\\\\\\s3\\\\\\\\s0\\\\\\\\s5\\\\s0\\\\\\\\s6\\\\\\\\s0\\\\\\\\s5\\\\s0\\\\\\\\s2\\\\\\\\s0\\\\\\\\s5\\\\s0\\\\\\\\s2\\\\\\\\s0\\\\\\\\s5\\\\s0\\\\\\\\s4\\\\\\\\s0\\\\\\\\s5\\\\s0\\\\\\\\s4\\\\\\\\s0\\\\\\\\s5\\\\s0\\\\\\\\s4\\\\\\\\s0\\\\\\\\s5\\\\s0\\\\\\\\s4\\\\\\\\s0\\\\\\\\s5\\\\s0\\\\\\\\s3\\\\\\\\s0\\\\\\\\s5\\\\s0\\\\\\\\s3\\\\\\\\s0\\\\\\\\s5\\\\s0\\\\\\\\s3\\\\\\\\s0\\\\\\\\s5\\\\s0\\\\\\\\s3\\\\\\\\s0\\\\\\\\s5\\\\s0\\\\\\\\s2\\\\\\\\s0\\\\\\\\s5\\s1\\\\s2Bit-Halbaddierer\\\\s0\\\\\\\\s0.5\\\\\\\\s5\\\\s0\\\\\\\\s0.5\\\\\\\\s5\\\\s0\\\\\\\\s0.5\\\\\\\\s5\\\\s0\\\\\\\\s0.5\\\\\\\\s5\\\\s0\\\\\\\\s2\\\\\\\\s0\\\\\\\\s5\\\\s0\\\\\\\\s3\\\\\\\\s0\\\\\\\\s5\\\\s0\\\\\\\\s6\\\\\\\\s0\\\\\\\\s5\\\\s0\\\\\\\\s2\\\\\\\\s0\\\\\\\\s5\\\\s0\\\\\\\\s2\\\\\\\\s0\\\\\\\\s5\\\\s0\\\\\\\\s4\\\\\\\\s0\\\\\\\\s5\\\\s0\\\\\\\\s4\\\\\\\\s0\\\\\\\\s5\\\\s0\\\\\\\\s4\\\\\\\\s0\\\\\\\\s5\\\\s0\\\\\\\\s4\\\\\\\\s0\\\\\\\\s5\\\\s0\\\\\\\\s3\\\\\\\\s0\\\\\\\\s5\\\\s0\\\\\\\\s3\\\\\\\\s0\\\\\\\\s5\\\\s0\\\\\\\\s3\\\\\\\\s0\\\\\\\\s5\\\\s0\\\\\\\\s3\\\\\\\\s0\\\\\\\\s5\\\\s0\\\\\\\\s2\\\\\\\\s0\\\\\\\\s5\\s0\\\\s2\\\\s0\\\\s5\\s0\\\\s0\\\\sfalse\\\\s5\\\\s0\s1\\s2Bit-Volladdierer\\s1\\\\s2Bit-Halbaddierer\\\\s0\\\\\\\\s0.5\\\\\\\\s5\\\\s0\\\\\\\\s0.5\\\\\\\\s5\\\\s0\\\\\\\\s0.5\\\\\\\\s5\\\\s0\\\\\\\\s0.5\\\\\\\\s5\\\\s0\\\\\\\\s2\\\\\\\\s0\\\\\\\\s5\\\\s0\\\\\\\\s3\\\\\\\\s0\\\\\\\\s5\\\\s0\\\\\\\\s6\\\\\\\\s0\\\\\\\\s5\\\\s0\\\\\\\\s2\\\\\\\\s0\\\\\\\\s5\\\\s0\\\\\\\\s2\\\\\\\\s0\\\\\\\\s5\\\\s0\\\\\\\\s4\\\\\\\\s0\\\\\\\\s5\\\\s0\\\\\\\\s4\\\\\\\\s0\\\\\\\\s5\\\\s0\\\\\\\\s4\\\\\\\\s0\\\\\\\\s5\\\\s0\\\\\\\\s4\\\\\\\\s0\\\\\\\\s5\\\\s0\\\\\\\\s3\\\\\\\\s0\\\\\\\\s5\\\\s0\\\\\\\\s3\\\\\\\\s0\\\\\\\\s5\\\\s0\\\\\\\\s3\\\\\\\\s0\\\\\\\\s5\\\\s0\\\\\\\\s3\\\\\\\\s0\\\\\\\\s5\\\\s0\\\\\\\\s2\\\\\\\\s0\\\\\\\\s5\\s1\\\\s2Bit-Halbaddierer\\\\s0\\\\\\\\s0.5\\\\\\\\s5\\\\s0\\\\\\\\s0.5\\\\\\\\s5\\\\s0\\\\\\\\s0.5\\\\\\\\s5\\\\s0\\\\\\\\s0.5\\\\\\\\s5\\\\s0\\\\\\\\s2\\\\\\\\s0\\\\\\\\s5\\\\s0\\\\\\\\s3\\\\\\\\s0\\\\\\\\s5\\\\s0\\\\\\\\s6\\\\\\\\s0\\\\\\\\s5\\\\s0\\\\\\\\s2\\\\\\\\s0\\\\\\\\s5\\\\s0\\\\\\\\s2\\\\\\\\s0\\\\\\\\s5\\\\s0\\\\\\\\s4\\\\\\\\s0\\\\\\\\s5\\\\s0\\\\\\\\s4\\\\\\\\s0\\\\\\\\s5\\\\s0\\\\\\\\s4\\\\\\\\s0\\\\\\\\s5\\\\s0\\\\\\\\s4\\\\\\\\s0\\\\\\\\s5\\\\s0\\\\\\\\s3\\\\\\\\s0\\\\\\\\s5\\\\s0\\\\\\\\s3\\\\\\\\s0\\\\\\\\s5\\\\s0\\\\\\\\s3\\\\\\\\s0\\\\\\\\s5\\\\s0\\\\\\\\s3\\\\\\\\s0\\\\\\\\s5\\\\s0\\\\\\\\s2\\\\\\\\s0\\\\\\\\s5\\s0\\\\s2\\\\s0\\\\s5\\s0\\\\s0\\\\sfalse\\\\s5\\\\s0\s1\\s2Bit-Volladdierer\\s1\\\\s2Bit-Halbaddierer\\\\s0\\\\\\\\s0.5\\\\\\\\s5\\\\s0\\\\\\\\s0.5\\\\\\\\s5\\\\s0\\\\\\\\s0.5\\\\\\\\s5\\\\s0\\\\\\\\s0.5\\\\\\\\s5\\\\s0\\\\\\\\s2\\\\\\\\s0\\\\\\\\s5\\\\s0\\\\\\\\s3\\\\\\\\s0\\\\\\\\s5\\\\s0\\\\\\\\s6\\\\\\\\s0\\\\\\\\s5\\\\s0\\\\\\\\s2\\\\\\\\s0\\\\\\\\s5\\\\s0\\\\\\\\s2\\\\\\\\s0\\\\\\\\s5\\\\s0\\\\\\\\s4\\\\\\\\s0\\\\\\\\s5\\\\s0\\\\\\\\s4\\\\\\\\s0\\\\\\\\s5\\\\s0\\\\\\\\s4\\\\\\\\s0\\\\\\\\s5\\\\s0\\\\\\\\s4\\\\\\\\s0\\\\\\\\s5\\\\s0\\\\\\\\s3\\\\\\\\s0\\\\\\\\s5\\\\s0\\\\\\\\s3\\\\\\\\s0\\\\\\\\s5\\\\s0\\\\\\\\s3\\\\\\\\s0\\\\\\\\s5\\\\s0\\\\\\\\s3\\\\\\\\s0\\\\\\\\s5\\\\s0\\\\\\\\s2\\\\\\\\s0\\\\\\\\s5\\s1\\\\s2Bit-Halbaddierer\\\\s0\\\\\\\\s0.5\\\\\\\\s5\\\\s0\\\\\\\\s0.5\\\\\\\\s5\\\\s0\\\\\\\\s0.5\\\\\\\\s5\\\\s0\\\\\\\\s0.5\\\\\\\\s5\\\\s0\\\\\\\\s2\\\\\\\\s0\\\\\\\\s5\\\\s0\\\\\\\\s3\\\\\\\\s0\\\\\\\\s5\\\\s0\\\\\\\\s6\\\\\\\\s0\\\\\\\\s5\\\\s0\\\\\\\\s2\\\\\\\\s0\\\\\\\\s5\\\\s0\\\\\\\\s2\\\\\\\\s0\\\\\\\\s5\\\\s0\\\\\\\\s4\\\\\\\\s0\\\\\\\\s5\\\\s0\\\\\\\\s4\\\\\\\\s0\\\\\\\\s5\\\\s0\\\\\\\\s4\\\\\\\\s0\\\\\\\\s5\\\\s0\\\\\\\\s4\\\\\\\\s0\\\\\\\\s5\\\\s0\\\\\\\\s3\\\\\\\\s0\\\\\\\\s5\\\\s0\\\\\\\\s3\\\\\\\\s0\\\\\\\\s5\\\\s0\\\\\\\\s3\\\\\\\\s0\\\\\\\\s5\\\\s0\\\\\\\\s3\\\\\\\\s0\\\\\\\\s5\\\\s0\\\\\\\\s2\\\\\\\\s0\\\\\\\\s5\\s0\\\\s2\\\\s0\\\\s5\\s0\\\\s0\\\\sfalse\\\\s5\\\\s0\s1\\s2Bit-Volladdierer\\s1\\\\s2Bit-Halbaddierer\\\\s0\\\\\\\\s0.5\\\\\\\\s5\\\\s0\\\\\\\\s0.5\\\\\\\\s5\\\\s0\\\\\\\\s0.5\\\\\\\\s5\\\\s0\\\\\\\\s0.5\\\\\\\\s5\\\\s0\\\\\\\\s2\\\\\\\\s0\\\\\\\\s5\\\\s0\\\\\\\\s3\\\\\\\\s0\\\\\\\\s5\\\\s0\\\\\\\\s6\\\\\\\\s0\\\\\\\\s5\\\\s0\\\\\\\\s2\\\\\\\\s0\\\\\\\\s5\\\\s0\\\\\\\\s2\\\\\\\\s0\\\\\\\\s5\\\\s0\\\\\\\\s4\\\\\\\\s0\\\\\\\\s5\\\\s0\\\\\\\\s4\\\\\\\\s0\\\\\\\\s5\\\\s0\\\\\\\\s4\\\\\\\\s0\\\\\\\\s5\\\\s0\\\\\\\\s4\\\\\\\\s0\\\\\\\\s5\\\\s0\\\\\\\\s3\\\\\\\\s0\\\\\\\\s5\\\\s0\\\\\\\\s3\\\\\\\\s0\\\\\\\\s5\\\\s0\\\\\\\\s3\\\\\\\\s0\\\\\\\\s5\\\\s0\\\\\\\\s3\\\\\\\\s0\\\\\\\\s5\\\\s0\\\\\\\\s2\\\\\\\\s0\\\\\\\\s5\\s1\\\\s2Bit-Halbaddierer\\\\s0\\\\\\\\s0.5\\\\\\\\s5\\\\s0\\\\\\\\s0.5\\\\\\\\s5\\\\s0\\\\\\\\s0.5\\\\\\\\s5\\\\s0\\\\\\\\s0.5\\\\\\\\s5\\\\s0\\\\\\\\s2\\\\\\\\s0\\\\\\\\s5\\\\s0\\\\\\\\s3\\\\\\\\s0\\\\\\\\s5\\\\s0\\\\\\\\s6\\\\\\\\s0\\\\\\\\s5\\\\s0\\\\\\\\s2\\\\\\\\s0\\\\\\\\s5\\\\s0\\\\\\\\s2\\\\\\\\s0\\\\\\\\s5\\\\s0\\\\\\\\s4\\\\\\\\s0\\\\\\\\s5\\\\s0\\\\\\\\s4\\\\\\\\s0\\\\\\\\s5\\\\s0\\\\\\\\s4\\\\\\\\s0\\\\\\\\s5\\\\s0\\\\\\\\s4\\\\\\\\s0\\\\\\\\s5\\\\s0\\\\\\\\s3\\\\\\\\s0\\\\\\\\s5\\\\s0\\\\\\\\s3\\\\\\\\s0\\\\\\\\s5\\\\s0\\\\\\\\s3\\\\\\\\s0\\\\\\\\s5\\\\s0\\\\\\\\s3\\\\\\\\s0\\\\\\\\s5\\\\s0\\\\\\\\s2\\\\\\\\s0\\\\\\\\s5\\s0\\\\s2\\\\s0\\\\s5\\s0\\\\s0\\\\sfalse\\\\s5\\\\s0
410 16 -80 64 -80 1 8Bit-Volladdierer 0\s8 1024\s8 1\s2Bit-Volladdierer\s1\\s2Bit-Halbaddierer\\s0\\\\s0.5\\\\s5\\s0\\\\s0.5\\\\s5\\s0\\\\s0.5\\\\s5\\s0\\\\s0.5\\\\s5\\s0\\\\s2\\\\s0\\\\s5\\s0\\\\s3\\\\s0\\\\s5\\s0\\\\s6\\\\s0\\\\s5\\s0\\\\s2\\\\s0\\\\s5\\s0\\\\s2\\\\s0\\\\s5\\s0\\\\s4\\\\s0\\\\s5\\s0\\\\s4\\\\s0\\\\s5\\s0\\\\s4\\\\s0\\\\s5\\s0\\\\s4\\\\s0\\\\s5\\s0\\\\s3\\\\s0\\\\s5\\s0\\\\s3\\\\s0\\\\s5\\s0\\\\s3\\\\s0\\\\s5\\s0\\\\s3\\\\s0\\\\s5\\s0\\\\s2\\\\s0\\\\s5\s1\\s2Bit-Halbaddierer\\s0\\\\s0.5\\\\s5\\s0\\\\s0.5\\\\s5\\s0\\\\s0.5\\\\s5\\s0\\\\s0.5\\\\s5\\s0\\\\s2\\\\s0\\\\s5\\s0\\\\s3\\\\s0\\\\s5\\s0\\\\s6\\\\s0\\\\s5\\s0\\\\s2\\\\s0\\\\s5\\s0\\\\s2\\\\s0\\\\s5\\s0\\\\s4\\\\s0\\\\s5\\s0\\\\s4\\\\s0\\\\s5\\s0\\\\s4\\\\s0\\\\s5\\s0\\\\s4\\\\s0\\\\s5\\s0\\\\s3\\\\s0\\\\s5\\s0\\\\s3\\\\s0\\\\s5\\s0\\\\s3\\\\s0\\\\s5\\s0\\\\s3\\\\s0\\\\s5\\s0\\\\s2\\\\s0\\\\s5\s0\\s2\\s0\\s5\s0\\s0\\sfalse\\s5\\s0 1\s2Bit-Volladdierer\s1\\s2Bit-Halbaddierer\\s0\\\\s0.5\\\\s5\\s0\\\\s0.5\\\\s5\\s0\\\\s0.5\\\\s5\\s0\\\\s0.5\\\\s5\\s0\\\\s2\\\\s0\\\\s5\\s0\\\\s3\\\\s0\\\\s5\\s0\\\\s6\\\\s0\\\\s5\\s0\\\\s2\\\\s0\\\\s5\\s0\\\\s2\\\\s0\\\\s5\\s0\\\\s4\\\\s0\\\\s5\\s0\\\\s4\\\\s0\\\\s5\\s0\\\\s4\\\\s0\\\\s5\\s0\\\\s4\\\\s0\\\\s5\\s0\\\\s3\\\\s0\\\\s5\\s0\\\\s3\\\\s0\\\\s5\\s0\\\\s3\\\\s0\\\\s5\\s0\\\\s3\\\\s0\\\\s5\\s0\\\\s2\\\\s0\\\\s5\s1\\s2Bit-Halbaddierer\\s0\\\\s0.5\\\\s5\\s0\\\\s0.5\\\\s5\\s0\\\\s0.5\\\\s5\\s0\\\\s0.5\\\\s5\\s0\\\\s2\\\\s0\\\\s5\\s0\\\\s3\\\\s0\\\\s5\\s0\\\\s6\\\\s0\\\\s5\\s0\\\\s2\\\\s0\\\\s5\\s0\\\\s2\\\\s0\\\\s5\\s0\\\\s4\\\\s0\\\\s5\\s0\\\\s4\\\\s0\\\\s5\\s0\\\\s4\\\\s0\\\\s5\\s0\\\\s4\\\\s0\\\\s5\\s0\\\\s3\\\\s0\\\\s5\\s0\\\\s3\\\\s0\\\\s5\\s0\\\\s3\\\\s0\\\\s5\\s0\\\\s3\\\\s0\\\\s5\\s0\\\\s2\\\\s0\\\\s5\s0\\s2\\s0\\s5\s0\\s0\\sfalse\\s5\\s0 1\s2Bit-Volladdierer\s1\\s2Bit-Halbaddierer\\s0\\\\s0.5\\\\s5\\s0\\\\s0.5\\\\s5\\s0\\\\s0.5\\\\s5\\s0\\\\s0.5\\\\s5\\s0\\\\s2\\\\s0\\\\s5\\s0\\\\s3\\\\s0\\\\s5\\s0\\\\s6\\\\s0\\\\s5\\s0\\\\s2\\\\s0\\\\s5\\s0\\\\s2\\\\s0\\\\s5\\s0\\\\s4\\\\s0\\\\s5\\s0\\\\s4\\\\s0\\\\s5\\s0\\\\s4\\\\s0\\\\s5\\s0\\\\s4\\\\s0\\\\s5\\s0\\\\s3\\\\s0\\\\s5\\s0\\\\s3\\\\s0\\\\s5\\s0\\\\s3\\\\s0\\\\s5\\s0\\\\s3\\\\s0\\\\s5\\s0\\\\s2\\\\s0\\\\s5\s1\\s2Bit-Halbaddierer\\s0\\\\s0.5\\\\s5\\s0\\\\s0.5\\\\s5\\s0\\\\s0.5\\\\s5\\s0\\\\s0.5\\\\s5\\s0\\\\s2\\\\s0\\\\s5\\s0\\\\s3\\\\s0\\\\s5\\s0\\\\s6\\\\s0\\\\s5\\s0\\\\s2\\\\s0\\\\s5\\s0\\\\s2\\\\s0\\\\s5\\s0\\\\s4\\\\s0\\\\s5\\s0\\\\s4\\\\s0\\\\s5\\s0\\\\s4\\\\s0\\\\s5\\s0\\\\s4\\\\s0\\\\s5\\s0\\\\s3\\\\s0\\\\s5\\s0\\\\s3\\\\s0\\\\s5\\s0\\\\s3\\\\s0\\\\s5\\s0\\\\s3\\\\s0\\\\s5\\s0\\\\s2\\\\s0\\\\s5\s0\\s2\\s0\\s5\s0\\s0\\sfalse\\s5\\s0 1\s2Bit-Volladdierer\s1\\s2Bit-Halbaddierer\\s0\\\\s0.5\\\\s5\\s0\\\\s0.5\\\\s5\\s0\\\\s0.5\\\\s5\\s0\\\\s0.5\\\\s5\\s0\\\\s2\\\\s0\\\\s5\\s0\\\\s3\\\\s0\\\\s5\\s0\\\\s6\\\\s0\\\\s5\\s0\\\\s2\\\\s0\\\\s5\\s0\\\\s2\\\\s0\\\\s5\\s0\\\\s4\\\\s0\\\\s5\\s0\\\\s4\\\\s0\\\\s5\\s0\\\\s4\\\\s0\\\\s5\\s0\\\\s4\\\\s0\\\\s5\\s0\\\\s3\\\\s0\\\\s5\\s0\\\\s3\\\\s0\\\\s5\\s0\\\\s3\\\\s0\\\\s5\\s0\\\\s3\\\\s0\\\\s5\\s0\\\\s2\\\\s0\\\\s5\s1\\s2Bit-Halbaddierer\\s0\\\\s0.5\\\\s5\\s0\\\\s0.5\\\\s5\\s0\\\\s0.5\\\\s5\\s0\\\\s0.5\\\\s5\\s0\\\\s2\\\\s0\\\\s5\\s0\\\\s3\\\\s0\\\\s5\\s0\\\\s6\\\\s0\\\\s5\\s0\\\\s2\\\\s0\\\\s5\\s0\\\\s2\\\\s0\\\\s5\\s0\\\\s4\\\\s0\\\\s5\\s0\\\\s4\\\\s0\\\\s5\\s0\\\\s4\\\\s0\\\\s5\\s0\\\\s4\\\\s0\\\\s5\\s0\\\\s3\\\\s0\\\\s5\\s0\\\\s3\\\\s0\\\\s5\\s0\\\\s3\\\\s0\\\\s5\\s0\\\\s3\\\\s0\\\\s5\\s0\\\\s2\\\\s0\\\\s5\s0\\s2\\s0\\s5\s0\\s0\\sfalse\\s5\\s0
w 0 -336 480 -336 0
w 416 -368 0 -368 0
w 0 -400 352 -400 0
w 288 -432 0 -432 0
w 0 -464 224 -464 0
w 160 -496 0 -496 0
w 0 -528 96 -528 0
w 272 -112 272 -128 0
w 240 -112 240 -144 0
w 208 -112 208 -160 0
w 176 -112 176 -176 0
w 144 -112 144 -192 0
w 112 -112 112 -208 0
w 80 -112 80 -224 0
w 48 -112 48 -224 0
w 80 -224 112 -224 0
w 112 -208 176 -208 0
w 176 -208 176 -224 0
w 144 -192 240 -192 0
w 240 -192 240 -224 0
w 176 -176 304 -176 0
w 304 -176 304 -224 0
w 208 -160 368 -160 0
w 368 -160 368 -224 0
w 240 -144 432 -144 0
w 432 -144 432 -224 0
w 272 -128 496 -128 0
w 496 -128 496 -224 0
w -192 -592 64 -592 0
410 400 192 416 192 1 8Bit-Volladdierer 0\s8 1024\s8 1\s2Bit-Volladdierer\s1\\s2Bit-Halbaddierer\\s0\\\\s0.5\\\\s5\\s0\\\\s0.5\\\\s5\\s0\\\\s0.5\\\\s5\\s0\\\\s0.5\\\\s5\\s0\\\\s2\\\\s0\\\\s5\\s0\\\\s3\\\\s0\\\\s5\\s0\\\\s6\\\\s0\\\\s5\\s0\\\\s2\\\\s0\\\\s5\\s0\\\\s2\\\\s0\\\\s5\\s0\\\\s4\\\\s0\\\\s5\\s0\\\\s4\\\\s0\\\\s5\\s0\\\\s4\\\\s0\\\\s5\\s0\\\\s4\\\\s0\\\\s5\\s0\\\\s3\\\\s0\\\\s5\\s0\\\\s3\\\\s0\\\\s5\\s0\\\\s3\\\\s0\\\\s5\\s0\\\\s3\\\\s0\\\\s5\\s0\\\\s2\\\\s0\\\\s5\s1\\s2Bit-Halbaddierer\\s0\\\\s0.5\\\\s5\\s0\\\\s0.5\\\\s5\\s0\\\\s0.5\\\\s5\\s0\\\\s0.5\\\\s5\\s0\\\\s2\\\\s0\\\\s5\\s0\\\\s3\\\\s0\\\\s5\\s0\\\\s6\\\\s0\\\\s5\\s0\\\\s2\\\\s0\\\\s5\\s0\\\\s2\\\\s0\\\\s5\\s0\\\\s4\\\\s0\\\\s5\\s0\\\\s4\\\\s0\\\\s5\\s0\\\\s4\\\\s0\\\\s5\\s0\\\\s4\\\\s0\\\\s5\\s0\\\\s3\\\\s0\\\\s5\\s0\\\\s3\\\\s0\\\\s5\\s0\\\\s3\\\\s0\\\\s5\\s0\\\\s3\\\\s0\\\\s5\\s0\\\\s2\\\\s0\\\\s5\s0\\s2\\s0\\s5\s0\\s0\\sfalse\\s5\\s0 1\s2Bit-Volladdierer\s1\\s2Bit-Halbaddierer\\s0\\\\s0.5\\\\s5\\s0\\\\s0.5\\\\s5\\s0\\\\s0.5\\\\s5\\s0\\\\s0.5\\\\s5\\s0\\\\s2\\\\s0\\\\s5\\s0\\\\s3\\\\s0\\\\s5\\s0\\\\s6\\\\s0\\\\s5\\s0\\\\s2\\\\s0\\\\s5\\s0\\\\s2\\\\s0\\\\s5\\s0\\\\s4\\\\s0\\\\s5\\s0\\\\s4\\\\s0\\\\s5\\s0\\\\s4\\\\s0\\\\s5\\s0\\\\s4\\\\s0\\\\s5\\s0\\\\s3\\\\s0\\\\s5\\s0\\\\s3\\\\s0\\\\s5\\s0\\\\s3\\\\s0\\\\s5\\s0\\\\s3\\\\s0\\\\s5\\s0\\\\s2\\\\s0\\\\s5\s1\\s2Bit-Halbaddierer\\s0\\\\s0.5\\\\s5\\s0\\\\s0.5\\\\s5\\s0\\\\s0.5\\\\s5\\s0\\\\s0.5\\\\s5\\s0\\\\s2\\\\s0\\\\s5\\s0\\\\s3\\\\s0\\\\s5\\s0\\\\s6\\\\s0\\\\s5\\s0\\\\s2\\\\s0\\\\s5\\s0\\\\s2\\\\s0\\\\s5\\s0\\\\s4\\\\s0\\\\s5\\s0\\\\s4\\\\s0\\\\s5\\s0\\\\s4\\\\s0\\\\s5\\s0\\\\s4\\\\s0\\\\s5\\s0\\\\s3\\\\s0\\\\s5\\s0\\\\s3\\\\s0\\\\s5\\s0\\\\s3\\\\s0\\\\s5\\s0\\\\s3\\\\s0\\\\s5\\s0\\\\s2\\\\s0\\\\s5\s0\\s2\\s0\\s5\s0\\s0\\sfalse\\s5\\s0 1\s2Bit-Volladdierer\s1\\s2Bit-Halbaddierer\\s0\\\\s0.5\\\\s5\\s0\\\\s0.5\\\\s5\\s0\\\\s0.5\\\\s5\\s0\\\\s0.5\\\\s5\\s0\\\\s2\\\\s0\\\\s5\\s0\\\\s3\\\\s0\\\\s5\\s0\\\\s6\\\\s0\\\\s5\\s0\\\\s2\\\\s0\\\\s5\\s0\\\\s2\\\\s0\\\\s5\\s0\\\\s4\\\\s0\\\\s5\\s0\\\\s4\\\\s0\\\\s5\\s0\\\\s4\\\\s0\\\\s5\\s0\\\\s4\\\\s0\\\\s5\\s0\\\\s3\\\\s0\\\\s5\\s0\\\\s3\\\\s0\\\\s5\\s0\\\\s3\\\\s0\\\\s5\\s0\\\\s3\\\\s0\\\\s5\\s0\\\\s2\\\\s0\\\\s5\s1\\s2Bit-Halbaddierer\\s0\\\\s0.5\\\\s5\\s0\\\\s0.5\\\\s5\\s0\\\\s0.5\\\\s5\\s0\\\\s0.5\\\\s5\\s0\\\\s2\\\\s0\\\\s5\\s0\\\\s3\\\\s0\\\\s5\\s0\\\\s6\\\\s0\\\\s5\\s0\\\\s2\\\\s0\\\\s5\\s0\\\\s2\\\\s0\\\\s5\\s0\\\\s4\\\\s0\\\\s5\\s0\\\\s4\\\\s0\\\\s5\\s0\\\\s4\\\\s0\\\\s5\\s0\\\\s4\\\\s0\\\\s5\\s0\\\\s3\\\\s0\\\\s5\\s0\\\\s3\\\\s0\\\\s5\\s0\\\\s3\\\\s0\\\\s5\\s0\\\\s3\\\\s0\\\\s5\\s0\\\\s2\\\\s0\\\\s5\s0\\s2\\s0\\s5\s0\\s0\\sfalse\\s5\\s0 1\s2Bit-Volladdierer\s1\\s2Bit-Halbaddierer\\s0\\\\s0.5\\\\s5\\s0\\\\s0.5\\\\s5\\s0\\\\s0.5\\\\s5\\s0\\\\s0.5\\\\s5\\s0\\\\s2\\\\s0\\\\s5\\s0\\\\s3\\\\s0\\\\s5\\s0\\\\s6\\\\s0\\\\s5\\s0\\\\s2\\\\s0\\\\s5\\s0\\\\s2\\\\s0\\\\s5\\s0\\\\s4\\\\s0\\\\s5\\s0\\\\s4\\\\s0\\\\s5\\s0\\\\s4\\\\s0\\\\s5\\s0\\\\s4\\\\s0\\\\s5\\s0\\\\s3\\\\s0\\\\s5\\s0\\\\s3\\\\s0\\\\s5\\s0\\\\s3\\\\s0\\\\s5\\s0\\\\s3\\\\s0\\\\s5\\s0\\\\s2\\\\s0\\\\s5\s1\\s2Bit-Halbaddierer\\s0\\\\s0.5\\\\s5\\s0\\\\s0.5\\\\s5\\s0\\\\s0.5\\\\s5\\s0\\\\s0.5\\\\s5\\s0\\\\s2\\\\s0\\\\s5\\s0\\\\s3\\\\s0\\\\s5\\s0\\\\s6\\\\s0\\\\s5\\s0\\\\s2\\\\s0\\\\s5\\s0\\\\s2\\\\s0\\\\s5\\s0\\\\s4\\\\s0\\\\s5\\s0\\\\s4\\\\s0\\\\s5\\s0\\\\s4\\\\s0\\\\s5\\s0\\\\s4\\\\s0\\\\s5\\s0\\\\s3\\\\s0\\\\s5\\s0\\\\s3\\\\s0\\\\s5\\s0\\\\s3\\\\s0\\\\s5\\s0\\\\s3\\\\s0\\\\s5\\s0\\\\s2\\\\s0\\\\s5\s0\\s2\\s0\\s5\s0\\s0\\sfalse\\s5\\s0
w 464 160 464 144 0
w 496 160 496 128 0
w 528 160 528 112 0
w 560 160 560 96 0
w 592 160 592 80 0
w 624 160 624 64 0
w 656 160 656 48 0
w 912 160 912 144 0
w 880 160 880 128 0
w 848 160 848 112 0
w 816 160 816 96 0
w 784 160 784 80 0
w 752 160 752 64 0
w 720 160 720 48 0
w 432 48 656 48 0
w 624 64 400 64 0
w 400 64 400 48 0
w 592 80 368 80 0
w 368 80 368 48 0
w 560 96 336 96 0
w 336 96 336 48 0
w 528 112 304 112 0
w 304 112 304 48 0
w 496 128 272 128 0
w 272 128 272 48 0
w 240 48 240 144 0
w 240 144 464 144 0
w 432 160 208 160 0
w 208 160 208 48 0
w 720 48 880 48 0
w 752 64 944 64 0
w 944 64 944 48 0
w 1008 48 1008 80 0
w 1008 80 784 80 0
w 816 96 1072 96 0
w 1072 96 1072 48 0
w 1136 48 1136 112 0
w 1136 112 848 112 0
w 880 128 1200 128 0
w 1200 128 1200 48 0
w 1264 48 1264 144 0
w 1264 144 912 144 0
w 944 160 1328 160 0
w 1328 160 1328 48 0
w 976 256 1408 256 0
w 1408 -432 1408 144 0
154 480 416 480 512 0 2 0 5
154 544 416 544 512 0 2 0 5
154 608 416 608 512 0 2 0 5
154 672 416 672 512 0 2 0 5
154 736 416 736 512 0 2 0 5
154 800 416 800 512 0 2 0 5
154 864 416 864 512 0 2 0 5
154 928 416 928 512 0 2 0 5
w 816 320 944 320 0
w 944 320 944 416 0
w 784 320 784 336 0
w 784 336 880 336 0
w 880 336 880 416 0
w 752 320 752 352 0
w 752 352 816 352 0
w 816 352 816 416 0
w 720 320 720 368 0
w 720 368 752 368 0
w 752 368 752 416 0
w 688 320 688 416 0
w 656 320 656 336 0
w 592 320 496 320 0
w 496 320 496 416 0
w 624 320 624 336 0
w 624 336 560 336 0
w 560 336 560 416 0
w 656 336 656 352 0
w 656 352 624 352 0
w 624 352 624 416 0
w 464 416 464 384 0
w 528 384 528 416 0
w 464 384 528 384 0
w 592 384 656 384 0
w 656 384 656 416 0
w 592 416 592 384 0
w 720 384 784 384 0
w 784 384 784 416 0
w 720 416 720 384 0
w 848 384 912 384 0
w 912 384 912 416 0
w 848 416 848 384 0
w 784 384 848 384 0
w 656 384 720 384 0
w 528 384 592 384 0
w 912 384 1408 384 0
410 448 656 464 656 1 8Bit-Volladdierer 0\s8 1024\s8 1\s2Bit-Volladdierer\s1\\s2Bit-Halbaddierer\\s0\\\\s0.5\\\\s5\\s0\\\\s0.5\\\\s5\\s0\\\\s0.5\\\\s5\\s0\\\\s0.5\\\\s5\\s0\\\\s2\\\\s0\\\\s5\\s0\\\\s3\\\\s0\\\\s5\\s0\\\\s6\\\\s0\\\\s5\\s0\\\\s2\\\\s0\\\\s5\\s0\\\\s2\\\\s0\\\\s5\\s0\\\\s4\\\\s0\\\\s5\\s0\\\\s4\\\\s0\\\\s5\\s0\\\\s4\\\\s0\\\\s5\\s0\\\\s4\\\\s0\\\\s5\\s0\\\\s3\\\\s0\\\\s5\\s0\\\\s3\\\\s0\\\\s5\\s0\\\\s3\\\\s0\\\\s5\\s0\\\\s3\\\\s0\\\\s5\\s0\\\\s2\\\\s0\\\\s5\s1\\s2Bit-Halbaddierer\\s0\\\\s0.5\\\\s5\\s0\\\\s0.5\\\\s5\\s0\\\\s0.5\\\\s5\\s0\\\\s0.5\\\\s5\\s0\\\\s2\\\\s0\\\\s5\\s0\\\\s3\\\\s0\\\\s5\\s0\\\\s6\\\\s0\\\\s5\\s0\\\\s2\\\\s0\\\\s5\\s0\\\\s2\\\\s0\\\\s5\\s0\\\\s4\\\\s0\\\\s5\\s0\\\\s4\\\\s0\\\\s5\\s0\\\\s4\\\\s0\\\\s5\\s0\\\\s4\\\\s0\\\\s5\\s0\\\\s3\\\\s0\\\\s5\\s0\\\\s3\\\\s0\\\\s5\\s0\\\\s3\\\\s0\\\\s5\\s0\\\\s3\\\\s0\\\\s5\\s0\\\\s2\\\\s0\\\\s5\s0\\s2\\s0\\s5\s0\\s0\\sfalse\\s5\\s0 1\s2Bit-Volladdierer\s1\\s2Bit-Halbaddierer\\s0\\\\s0.5\\\\s5\\s0\\\\s0.5\\\\s5\\s0\\\\s0.5\\\\s5\\s0\\\\s0.5\\\\s5\\s0\\\\s2\\\\s0\\\\s5\\s0\\\\s3\\\\s0\\\\s5\\s0\\\\s6\\\\s0\\\\s5\\s0\\\\s2\\\\s0\\\\s5\\s0\\\\s2\\\\s0\\\\s5\\s0\\\\s4\\\\s0\\\\s5\\s0\\\\s4\\\\s0\\\\s5\\s0\\\\s4\\\\s0\\\\s5\\s0\\\\s4\\\\s0\\\\s5\\s0\\\\s3\\\\s0\\\\s5\\s0\\\\s3\\\\s0\\\\s5\\s0\\\\s3\\\\s0\\\\s5\\s0\\\\s3\\\\s0\\\\s5\\s0\\\\s2\\\\s0\\\\s5\s1\\s2Bit-Halbaddierer\\s0\\\\s0.5\\\\s5\\s0\\\\s0.5\\\\s5\\s0\\\\s0.5\\\\s5\\s0\\\\s0.5\\\\s5\\s0\\\\s2\\\\s0\\\\s5\\s0\\\\s3\\\\s0\\\\s5\\s0\\\\s6\\\\s0\\\\s5\\s0\\\\s2\\\\s0\\\\s5\\s0\\\\s2\\\\s0\\\\s5\\s0\\\\s4\\\\s0\\\\s5\\s0\\\\s4\\\\s0\\\\s5\\s0\\\\s4\\\\s0\\\\s5\\s0\\\\s4\\\\s0\\\\s5\\s0\\\\s3\\\\s0\\\\s5\\s0\\\\s3\\\\s0\\\\s5\\s0\\\\s3\\\\s0\\\\s5\\s0\\\\s3\\\\s0\\\\s5\\s0\\\\s2\\\\s0\\\\s5\s0\\s2\\s0\\s5\s0\\s0\\sfalse\\s5\\s0 1\s2Bit-Volladdierer\s1\\s2Bit-Halbaddierer\\s0\\\\s0.5\\\\s5\\s0\\\\s0.5\\\\s5\\s0\\\\s0.5\\\\s5\\s0\\\\s0.5\\\\s5\\s0\\\\s2\\\\s0\\\\s5\\s0\\\\s3\\\\s0\\\\s5\\s0\\\\s6\\\\s0\\\\s5\\s0\\\\s2\\\\s0\\\\s5\\s0\\\\s2\\\\s0\\\\s5\\s0\\\\s4\\\\s0\\\\s5\\s0\\\\s4\\\\s0\\\\s5\\s0\\\\s4\\\\s0\\\\s5\\s0\\\\s4\\\\s0\\\\s5\\s0\\\\s3\\\\s0\\\\s5\\s0\\\\s3\\\\s0\\\\s5\\s0\\\\s3\\\\s0\\\\s5\\s0\\\\s3\\\\s0\\\\s5\\s0\\\\s2\\\\s0\\\\s5\s1\\s2Bit-Halbaddierer\\s0\\\\s0.5\\\\s5\\s0\\\\s0.5\\\\s5\\s0\\\\s0.5\\\\s5\\s0\\\\s0.5\\\\s5\\s0\\\\s2\\\\s0\\\\s5\\s0\\\\s3\\\\s0\\\\s5\\s0\\\\s6\\\\s0\\\\s5\\s0\\\\s2\\\\s0\\\\s5\\s0\\\\s2\\\\s0\\\\s5\\s0\\\\s4\\\\s0\\\\s5\\s0\\\\s4\\\\s0\\\\s5\\s0\\\\s4\\\\s0\\\\s5\\s0\\\\s4\\\\s0\\\\s5\\s0\\\\s3\\\\s0\\\\s5\\s0\\\\s3\\\\s0\\\\s5\\s0\\\\s3\\\\s0\\\\s5\\s0\\\\s3\\\\s0\\\\s5\\s0\\\\s2\\\\s0\\\\s5\s0\\s2\\s0\\s5\s0\\s0\\sfalse\\s5\\s0 1\s2Bit-Volladdierer\s1\\s2Bit-Halbaddierer\\s0\\\\s0.5\\\\s5\\s0\\\\s0.5\\\\s5\\s0\\\\s0.5\\\\s5\\s0\\\\s0.5\\\\s5\\s0\\\\s2\\\\s0\\\\s5\\s0\\\\s3\\\\s0\\\\s5\\s0\\\\s6\\\\s0\\\\s5\\s0\\\\s2\\\\s0\\\\s5\\s0\\\\s2\\\\s0\\\\s5\\s0\\\\s4\\\\s0\\\\s5\\s0\\\\s4\\\\s0\\\\s5\\s0\\\\s4\\\\s0\\\\s5\\s0\\\\s4\\\\s0\\\\s5\\s0\\\\s3\\\\s0\\\\s5\\s0\\\\s3\\\\s0\\\\s5\\s0\\\\s3\\\\s0\\\\s5\\s0\\\\s3\\\\s0\\\\s5\\s0\\\\s2\\\\s0\\\\s5\s1\\s2Bit-Halbaddierer\\s0\\\\s0.5\\\\s5\\s0\\\\s0.5\\\\s5\\s0\\\\s0.5\\\\s5\\s0\\\\s0.5\\\\s5\\s0\\\\s2\\\\s0\\\\s5\\s0\\\\s3\\\\s0\\\\s5\\s0\\\\s6\\\\s0\\\\s5\\s0\\\\s2\\\\s0\\\\s5\\s0\\\\s2\\\\s0\\\\s5\\s0\\\\s4\\\\s0\\\\s5\\s0\\\\s4\\\\s0\\\\s5\\s0\\\\s4\\\\s0\\\\s5\\s0\\\\s4\\\\s0\\\\s5\\s0\\\\s3\\\\s0\\\\s5\\s0\\\\s3\\\\s0\\\\s5\\s0\\\\s3\\\\s0\\\\s5\\s0\\\\s3\\\\s0\\\\s5\\s0\\\\s2\\\\s0\\\\s5\s0\\s2\\s0\\s5\s0\\s0\\sfalse\\s5\\s0
w 928 608 928 512 0
w 704 608 928 608 0
w 864 592 864 512 0
w 672 592 864 592 0
w 800 576 800 512 0
w 640 576 800 576 0
w 736 560 736 512 0
w 608 560 736 560 0
w 672 544 672 512 0
w 576 544 672 544 0
w 608 528 608 512 0
w 544 528 608 528 0
w 480 624 480 512 0
w 512 624 512 512 0
w 544 624 544 528 0
w 576 624 576 544 0
w 608 624 608 560 0
w 640 624 640 576 0
w 672 624 672 592 0
w 704 624 704 608 0
w 512 512 544 512 0
w 1024 720 1408 720 0
w 1408 720 1408 384 0
w 496 416 432 416 0
w 592 -592 1504 -592 0
w 896 -432 896 -704 0
w 896 -704 -160 -704 0
w -160 -704 -160 352 0
410 1568 -16 1616 -16 1 8-Bit-Vergleicher 1\s2-Bit-Vergleicher\s0\\s0.5\\s5\s0\\s0.5\\s5\s1\\s2\\s0\\s5\s1\\s2\\s0\\s5\s1\\s2\\s0\\s5\s1\\s3\\s0\\s5\s1\\s3\\s0\\s5\s1\\s3\\s0\\s5\s1\\s2\\s0\\s5\s0\\s0.5\\s5\s1\\s2\\s0\\s5 1\s2-Bit-Vergleicher\s0\\s0.5\\s5\s0\\s0.5\\s5\s1\\s2\\s0\\s5\s1\\s2\\s0\\s5\s1\\s2\\s0\\s5\s1\\s3\\s0\\s5\s1\\s3\\s0\\s5\s1\\s3\\s0\\s5\s1\\s2\\s0\\s5\s0\\s0.5\\s5\s1\\s2\\s0\\s5 1\s2-Bit-Vergleicher\s0\\s0.5\\s5\s0\\s0.5\\s5\s1\\s2\\s0\\s5\s1\\s2\\s0\\s5\s1\\s2\\s0\\s5\s1\\s3\\s0\\s5\s1\\s3\\s0\\s5\s1\\s3\\s0\\s5\s1\\s2\\s0\\s5\s0\\s0.5\\s5\s1\\s2\\s0\\s5 1\s2-Bit-Vergleicher\s0\\s0.5\\s5\s0\\s0.5\\s5\s1\\s2\\s0\\s5\s1\\s2\\s0\\s5\s1\\s2\\s0\\s5\s1\\s3\\s0\\s5\s1\\s3\\s0\\s5\s1\\s3\\s0\\s5\s1\\s2\\s0\\s5\s0\\s0.5\\s5\s1\\s2\\s0\\s5 0\s2\s0\s5 0\s2\s0\s5 0\s2\s0\s5 0\s2\s0\s5 0\s2\s0\s5 0\s2\s0\s5 0\s2\s0\s5 0\s2\s0\s5 0\s2\s0\s5 0\s2\s0\s5 0\s2\s0\s5 0\s2\s0\s5 0\s4\s0\s5
w 1312 -64 2112 -64 0
w 2112 -64 2112 -48 0
w 1248 -96 2080 -96 0
w 2080 -96 2080 -48 0
w 1184 -128 2048 -128 0
w 2048 -128 2048 -48 0
w 2016 -48 2016 -160 0
w 2016 -160 1120 -160 0
w 1056 -192 1984 -192 0
w 1984 -192 1984 -48 0
w 992 -224 1952 -224 0
w 1952 -224 1952 -48 0
w 928 -256 1920 -256 0
w 1920 -256 1920 -48 0
w 864 -288 1888 -288 0
w 1888 -288 1888 -48 0
w 480 -336 1824 -336 0
w 1824 -336 1824 -48 0
w 416 -368 1792 -368 0
w 1792 -368 1792 -48 0
w 352 -400 1760 -400 0
w 1760 -400 1760 -48 0
w 288 -432 1728 -432 0
w 1728 -48 1728 -432 0
w 1696 -48 1696 -464 0
w 1664 -48 1664 -496 0
w 1632 -48 1632 -528 0
w 224 -464 1696 -464 0
w 160 -496 1664 -496 0
w 1600 -48 1600 -560 0
w 96 -528 1632 -528 0
w 32 -560 1600 -560 0
w 1408 144 1408 256 0
207 864 -304 864 -352 4 B7
207 928 -304 928 -352 4 B6
207 1056 -304 1056 -352 4 B4
207 992 -304 992 -352 4 B5
207 1248 -304 1248 -352 4 B1
207 1312 -304 1312 -352 4 B0
207 1184 -304 1184 -352 4 B2
207 1120 -304 1120 -352 4 B3
207 160 -576 160 -624 4 A5
207 224 -576 224 -624 4 A4
207 96 -576 96 -624 4 A6
207 32 -576 32 -624 4 A7
207 416 -576 416 -624 4 A1
207 480 -576 480 -624 4 A0
207 352 -576 352 -624 4 A2
207 288 -576 288 -624 4 A3
207 592 -592 592 -640 4 SA
207 1408 -432 1408 -640 4 SB
207 960 816 992 816 4 S0
207 960 848 992 848 4 S1
207 960 880 992 880 4 S2
207 960 912 992 912 4 S3
207 960 944 992 944 4 S4
207 960 976 992 976 4 S5
207 960 1008 992 1008 4 S6
207 960 1040 992 1040 4 S7
207 224 784 224 816 4 S8
207 560 1376 560 1408 4 VZ
