$ 1 0.000005 10.20027730826997 50 5 43 5e-11
207 496 736 448 736 4 A4
207 496 768 448 768 4 A5
207 496 800 448 800 4 B4
207 496 832 448 832 4 B5
207 496 976 448 976 4 B7
207 496 944 448 944 4 B6
207 496 912 448 912 4 A7
207 496 880 448 880 4 A6
207 496 592 448 592 4 A2
207 496 624 448 624 4 A3
207 496 656 448 656 4 B2
207 496 688 448 688 4 B3
207 496 544 448 544 4 B1
207 496 512 448 512 4 B0
207 496 480 448 480 4 A1
207 496 448 448 448 4 A0
w 1120 448 1120 1456 0
w 688 448 1120 448 0
w 1104 1456 1104 592 0
w 1072 736 1072 1456 0
w 1056 880 1056 1456 0
w 960 592 1104 592 0
w 960 592 960 976 0
w 768 592 960 592 0
w 928 736 1072 736 0
w 896 880 1056 880 0
150 1088 1456 1088 1552 0 4 5 5
w 688 512 992 512 0
w 992 976 992 512 0
w 688 656 944 656 0
w 944 1072 944 656 0
w 736 736 928 736 0
w 928 1168 928 736 0
w 688 800 912 800 0
w 912 1264 912 800 0
w 896 880 896 1360 0
w 704 880 896 880 0
w 880 944 880 1456 0
w 688 944 880 944 0
w 800 544 800 976 0
w 688 544 800 544 0
w 768 592 688 592 0
w 768 976 768 592 0
w 752 688 688 688 0
w 752 1072 752 688 0
w 736 736 688 736 0
w 736 1168 736 736 0
w 720 832 688 832 0
w 720 1264 720 832 0
w 688 880 704 880 0
w 704 1360 704 880 0
w 688 976 688 1456 0
150 976 976 976 1072 0 2 0 5
152 960 1072 960 1168 0 2 0 5
152 928 1264 928 1360 0 2 0 5
150 944 1168 944 1264 0 2 0 5
150 912 1360 912 1456 0 2 0 5
152 896 1456 896 1552 0 2 0 5
152 704 1456 704 1552 0 2 0 5
150 720 1360 720 1456 0 2 0 5
150 752 1168 752 1264 0 2 0 5
152 736 1264 736 1360 0 2 0 5
152 768 1072 768 1168 0 2 0 5
150 784 976 784 1072 0 2 0 5
. 2-Bit-Vergleicher 1 5 4 7 A0 3 0 2 A1 1 1 2 A<B 13 2 3 A\qB 14 0 3 A>B 15 3 3 B0 7 2 2 B1 5 3 2 InverterElm\s1\s2\rInverterElm\s3\s4\rXorGateElm\s5\s1\s6\rXorGateElm\s7\s3\s8\rNandGateElm\s5\s2\s9\rNandGateElm\s10\s4\s2\s11\rNandGateElm\s10\s7\s5\s12\rNandGateElm\s12\s11\s9\s13\rOrGateElm\s8\s6\s10\rInverterElm\s10\s14\rNorGateElm\s13\s14\s15 0\\s0.5\\s5\s0\\s0.5\\s5\s1\\s2\\s0\\s5\s1\\s2\\s0\\s5\s1\\s2\\s0\\s5\s1\\s3\\s0\\s5\s1\\s3\\s0\\s5\s1\\s3\\s0\\s5\s1\\s2\\s0\\s5\s0\\s0.5\\s5\s1\\s2\\s0\\s5
410 496 448 528 448 1 2-Bit-Vergleicher 0\s0.5\s5 0\s0.5\s5 1\s2\s0\s5 1\s2\s0\s5 1\s2\s5\s5 1\s3\s5\s5 1\s3\s5\s5 1\s3\s0\s5 1\s2\s0\s5 0\s0.5\s5 1\s2\s0\s5
410 496 592 528 592 1 2-Bit-Vergleicher 0\s0.5\s5 0\s0.5\s5 1\s2\s0\s5 1\s2\s0\s5 1\s2\s5\s5 1\s3\s5\s5 1\s3\s5\s5 1\s3\s0\s5 1\s2\s0\s5 0\s0.5\s5 1\s2\s0\s5
410 496 880 528 880 1 2-Bit-Vergleicher 0\s0.5\s5 0\s0.5\s5 1\s2\s0\s5 1\s2\s0\s5 1\s2\s5\s5 1\s3\s5\s5 1\s3\s5\s5 1\s3\s0\s5 1\s2\s0\s5 0\s0.5\s5 1\s2\s0\s5
410 496 736 528 736 1 2-Bit-Vergleicher 0\s0.5\s5 0\s0.5\s5 1\s2\s0\s5 1\s2\s0\s5 1\s2\s5\s5 1\s3\s5\s5 1\s3\s5\s5 1\s3\s0\s5 1\s2\s0\s5 0\s0.5\s5 1\s2\s0\s5
207 1088 1552 1088 1600 4 A\qB
207 896 1552 896 1600 4 A<B
207 704 1552 704 1600 4 A>B
