$ 1 0.000005 10.20027730826997 50 5 43 5e-11
L 544 240 544 192 0 0 false 5 0
152 832 416 912 416 0 3 0 5
150 720 416 800 416 0 3 0 5
150 720 352 800 352 0 3 0 5
150 720 480 800 480 0 2 0 5
I 576 240 576 304 0 0.5 5
I 656 240 656 304 0 0.5 5
L 624 240 624 192 0 0 false 5 0
L 464 240 464 192 0 0 false 5 0
I 496 240 496 304 0 0.5 5
I 416 240 416 304 0 0.5 5
L 384 240 384 192 0 0 false 5 0
w 624 240 656 240 0
w 624 240 624 304 0
w 544 240 576 240 0
w 544 240 544 304 0
w 464 240 496 240 0
w 464 240 464 304 0
w 384 240 416 240 0
w 384 240 384 304 0
w 624 304 624 336 0
w 624 336 720 336 0
w 496 304 496 352 0
w 496 352 720 352 0
w 416 304 416 368 0
w 416 368 720 368 0
w 384 304 384 400 0
w 464 304 464 400 0
w 544 304 544 400 0
w 576 304 576 400 0
w 656 304 656 400 0
w 656 400 720 400 0
w 544 400 544 416 0
w 544 416 720 416 0
w 464 400 464 432 0
w 464 432 720 432 0
w 416 368 416 448 0
w 384 400 384 448 0
w 544 416 544 448 0
w 464 432 464 448 0
w 576 400 576 448 0
w 624 336 624 448 0
w 656 400 656 448 0
w 496 352 496 448 0
w 656 448 656 464 0
w 656 464 720 464 0
w 384 448 384 496 0
w 384 496 720 496 0
w 800 416 832 416 0
w 800 352 800 400 0
w 800 400 832 400 0
w 800 480 800 432 0
w 800 432 832 432 0
w 416 448 416 1088 0
w 384 496 384 720 0
w 464 448 464 816 0
w 496 448 496 544 0
w 544 448 544 544 0
w 576 448 576 800 0
w 624 448 624 624 0
w 656 464 656 688 0
150 720 576 800 576 0 2 0 5
150 720 640 800 640 0 2 0 5
150 720 704 800 704 0 2 0 5
152 832 640 912 640 0 3 0 5
w 800 576 800 624 0
w 800 624 832 624 0
w 800 640 832 640 0
w 800 704 800 656 0
w 800 656 832 656 0
w 544 544 544 560 0
w 544 560 720 560 0
w 496 544 496 592 0
w 496 592 720 592 0
w 624 624 720 624 0
w 544 560 544 656 0
w 544 656 720 656 0
w 656 688 720 688 0
w 384 720 720 720 0
w 496 592 496 1088 0
w 544 656 544 1008 0
w 624 624 624 848 0
w 656 688 656 784 0
w 384 720 384 880 0
150 720 800 800 800 0 3 0 5
150 720 864 800 864 0 2 0 5
152 832 832 912 832 0 2 0 5
w 800 800 800 816 0
w 800 816 832 816 0
w 800 864 800 848 0
w 800 848 832 848 0
w 656 784 720 784 0
w 576 800 720 800 0
w 464 816 720 816 0
w 624 848 720 848 0
w 720 880 384 880 0
w 384 880 384 1072 0
w 464 816 464 976 0
w 576 800 576 1088 0
w 624 848 624 944 0
w 656 784 656 1088 0
150 720 960 800 960 0 2 0 5
150 720 1024 800 1024 0 2 0 5
152 832 1024 912 1024 0 3 0 5
w 624 944 720 944 0
w 464 976 720 976 0
w 544 1008 720 1008 0
w 464 976 464 1040 0
w 464 1040 720 1040 0
w 800 1024 832 1024 0
w 800 960 800 1008 0
w 800 1008 832 1008 0
w 832 1040 800 1040 0
w 800 1040 800 1072 0
w 800 1072 384 1072 0
w 624 944 624 1088 0
w 544 1008 544 1088 0
w 464 1040 464 1088 0
w 384 1072 384 1088 0
M 912 416 976 416 0 2.5
M 912 640 976 640 0 2.5
M 912 832 976 832 0 2.5
M 912 1024 976 1024 0 2.5
x 372 155 392 158 4 24 I3
x 452 155 472 158 4 24 I2
x 532 157 552 160 4 24 I1
x 612 158 632 161 4 24 I0
x 1037 419 1069 422 4 24 O0
x 1038 647 1070 650 4 24 O1
x 1038 838 1070 841 4 24 O2
x 1034 1028 1066 1031 4 24 O3
