$ 1 0.000005 10.20027730826997 50 5 43 5e-11
I 640 400 640 464 0 0.5 5
w 608 400 640 400 0
w 608 400 608 464 0
w 672 400 672 464 0
w 672 400 704 400 0
I 704 400 704 464 0 0.5 5
w 736 400 736 464 0
w 736 400 768 400 0
I 768 400 768 464 0 0.5 5
w 800 400 800 464 0
w 800 400 832 400 0
I 832 400 832 464 0 0.5 5
152 976 560 1056 560 0 4 0 5
150 880 496 960 496 0 2 0 5
150 880 560 960 560 0 2 0 5
w 800 464 800 480 0
w 800 480 880 480 0
w 672 464 672 512 0
w 672 512 880 512 0
w 704 464 704 544 0
w 704 544 880 544 0
w 832 464 832 576 0
w 832 576 880 576 0
w 960 496 976 496 0
w 736 464 736 608 0
w 736 608 960 608 0
w 608 464 608 624 0
w 608 624 976 624 0
w 832 576 832 656 0
w 768 464 768 656 0
w 800 480 800 656 0
w 736 608 736 656 0
w 704 544 704 656 0
w 672 512 672 656 0
w 640 464 640 656 0
w 608 624 608 656 0
152 976 752 1056 752 0 3 0 5
150 880 688 960 688 0 2 0 5
w 800 656 800 672 0
w 800 672 880 672 0
w 736 656 736 704 0
w 736 704 880 704 0
150 880 752 960 752 0 2 0 5
w 832 656 832 736 0
w 832 736 880 736 0
w 768 656 768 768 0
w 768 768 880 768 0
w 704 656 704 800 0
w 960 752 976 752 0
w 960 688 976 688 0
w 976 688 976 736 0
w 704 800 976 800 0
w 832 736 832 832 0
w 800 672 800 832 0
w 768 768 768 832 0
w 736 704 736 832 0
w 704 800 704 832 0
w 672 656 672 832 0
w 640 656 640 832 0
w 608 656 608 832 0
152 976 864 1056 864 0 3 0 5
w 800 832 800 848 0
w 800 848 976 848 0
w 768 832 768 864 0
w 768 864 976 864 0
w 672 832 672 880 0
w 672 880 976 880 0
w 832 832 832 912 0
w 800 848 800 912 0
w 768 864 768 912 0
w 736 832 736 912 0
w 704 832 704 912 0
w 672 880 672 912 0
w 640 832 640 912 0
w 608 832 608 912 0
150 880 944 960 944 0 3 0 5
150 880 1008 960 1008 0 2 0 5
150 880 1072 960 1072 0 2 0 5
150 880 1136 960 1136 0 2 0 5
152 976 1072 1056 1072 0 5 0 5
w 800 912 800 928 0
w 800 928 880 928 0
w 768 912 768 944 0
w 768 944 880 944 0
w 672 912 672 960 0
w 672 960 880 960 0
w 832 912 832 992 0
w 832 992 880 992 0
w 736 912 736 1024 0
w 736 1024 880 1024 0
w 736 1024 736 1056 0
w 736 1056 880 1056 0
w 704 912 704 1088 0
w 704 1088 880 1088 0
w 832 992 832 1120 0
w 832 1120 880 1120 0
w 704 1088 704 1152 0
w 704 1152 880 1152 0
w 608 912 608 1184 0
w 608 1184 976 1184 0
w 960 1072 976 1072 0
w 960 1008 960 1056 0
w 960 1056 976 1056 0
w 960 944 976 944 0
w 976 944 976 1040 0
w 960 1136 960 1088 0
w 960 1088 976 1088 0
w 976 1184 976 1104 0
w 832 1120 832 1216 0
w 976 800 976 768 0
w 960 560 960 544 0
w 960 544 976 544 0
w 976 496 976 528 0
w 960 608 960 576 0
w 960 576 976 576 0
w 976 624 976 592 0
w 800 928 800 1216 0
w 768 944 768 1216 0
w 736 1056 736 1216 0
w 704 1152 704 1216 0
w 672 960 672 1216 0
w 640 912 640 1216 0
w 608 1184 608 1216 0
150 880 1248 960 1248 0 2 0 5
150 880 1312 960 1312 0 2 0 5
152 976 1280 1056 1280 0 2 0 5
w 960 1248 960 1264 0
w 960 1264 976 1264 0
w 960 1312 960 1296 0
w 960 1296 976 1296 0
w 832 1216 832 1232 0
w 832 1232 880 1232 0
w 736 1216 736 1264 0
w 736 1264 880 1264 0
w 832 1232 832 1296 0
w 832 1296 880 1296 0
w 704 1216 704 1328 0
w 704 1328 880 1328 0
w 832 1296 832 1360 0
w 800 1216 800 1360 0
w 768 1216 768 1360 0
w 736 1264 736 1360 0
w 704 1328 704 1360 0
w 672 1216 672 1360 0
w 640 1216 640 1360 0
w 608 1216 608 1360 0
150 880 1392 960 1392 0 2 0 5
150 880 1456 960 1456 0 2 0 5
150 880 1520 960 1520 0 2 0 5
152 976 1488 1056 1488 0 4 0 5
w 960 1456 960 1472 0
w 960 1472 976 1472 0
w 960 1392 976 1392 0
w 976 1392 976 1456 0
w 960 1520 960 1504 0
w 960 1504 976 1504 0
w 832 1360 832 1376 0
w 832 1376 880 1376 0
w 768 1360 768 1408 0
w 768 1408 880 1408 0
w 832 1376 832 1440 0
w 832 1440 880 1440 0
w 704 1360 704 1600 0
w 672 1472 880 1472 0
w 768 1408 768 1504 0
w 768 1504 880 1504 0
w 672 1536 880 1536 0
w 608 1360 608 1568 0
w 608 1568 976 1568 0
w 976 1568 976 1520 0
w 832 1440 832 1600 0
w 800 1360 800 1600 0
w 768 1504 768 1600 0
w 736 1360 736 1600 0
w 672 1360 672 1472 0
w 640 1360 640 1600 0
w 608 1568 608 1600 0
w 976 1808 976 1760 0
w 608 1808 976 1808 0
w 960 1744 976 1744 0
w 960 1760 960 1744 0
w 976 1632 976 1696 0
w 960 1632 976 1632 0
w 960 1712 976 1712 0
w 960 1696 960 1712 0
152 976 1728 1056 1728 0 4 0 5
150 880 1760 960 1760 0 2 0 5
150 880 1696 960 1696 0 2 0 5
150 880 1632 960 1632 0 2 0 5
w 608 1600 608 1808 0
w 832 1600 832 1616 0
w 832 1616 880 1616 0
w 736 1600 736 1648 0
w 736 1648 880 1648 0
w 736 1648 736 1680 0
w 736 1680 880 1680 0
w 704 1600 704 1712 0
w 704 1712 880 1712 0
w 768 1600 768 1744 0
w 768 1744 880 1744 0
w 672 1600 672 1776 0
w 672 1776 880 1776 0
w 672 1600 672 1536 0
w 672 1472 672 1536 0
207 1056 560 1088 560 4 a
207 1056 752 1088 752 4 b
207 1056 864 1088 864 4 c
207 1056 1072 1088 1072 4 d
207 1056 1280 1088 1280 4 e
207 1056 1488 1088 1488 4 f
207 1056 1728 1088 1728 4 g
207 800 400 800 368 4 I0
207 736 400 736 368 4 I1
207 672 400 672 368 4 I2
207 608 400 608 368 4 I3
